  -2.4678005e-08  -3.1933095e-09   5.7358214e-08
  -1.9182075e-09  -1.9269496e-08   3.2301628e-08
  -4.9341938e-10  -7.9793820e-10   1.8041931e-08
  -8.9314927e-10  -1.8638610e-09   2.1721927e-08
  -1.5440093e-07  -1.4260276e-08   1.8360353e-07
  -1.6724151e-08  -7.6887112e-09   4.8452170e-08
  -3.0272108e-09  -5.1259021e-09   5.2272416e-08
  -1.2917258e-08  -4.3720023e-08   9.7262882e-08
  -2.2941756e-08  -2.6124417e-09   3.0122557e-08
  -3.9566510e-09  -2.3858670e-09   1.7402464e-08
  -7.5995984e-09  -4.6027362e-08   6.7773693e-08
  -5.0501869e-08  -6.6520927e-09   6.6886360e-08
  -6.4620499e-10  -1.0523527e-09   1.3119669e-08
  -3.0478056e-09  -1.8071500e-08   3.0430498e-08
  -8.1846579e-09  -4.3386606e-09   3.0276279e-08
  -3.4113695e-08  -1.4087769e-09   3.8237515e-08
  -2.4155790e-09  -4.2665495e-09   3.6849881e-08
  -1.2805784e-09  -1.9997212e-09   2.8239505e-08
  -1.7404556e-09  -2.5616819e-08   3.1249606e-08
  -4.6172574e-10  -7.2030220e-09   1.0452594e-08
  -1.4795672e-09  -9.4116910e-10   5.2655780e-09
  -1.2674695e-08  -1.3824876e-09   1.5385096e-08
  -1.8490519e-09  -1.1523773e-09   6.6456642e-09
  -1.3664227e-09  -2.4039251e-09   2.0729972e-08
  -3.0119539e-09  -8.9983320e-09   2.4839617e-08
  -7.6145831e-08  -4.5724716e-09   8.4333073e-08
  -4.6675199e-09  -3.2789322e-09   2.3897137e-08
  -3.7756581e-09  -5.6401188e-08   6.5161180e-08
  -1.5343017e-09  -2.4212023e-09   3.3701261e-08
  -1.7462905e-10  -3.0538814e-10   3.2774402e-09
  -1.8108006e-09  -3.2371988e-09   2.6061989e-08
  -3.8879641e-10  -6.4409886e-10   7.5982674e-09
  -4.0891529e-09  -2.0819719e-09   1.0583766e-08
  -1.8032740e-09  -1.0088240e-09   5.2802372e-09
  -2.8519629e-09  -2.1618915e-09   9.6515023e-09
   5.7572860e-09   6.1475630e-10  -6.3364438e-09
  -1.9935736e-09  -1.4304212e-09   9.8603999e-09
   4.2847119e-10   3.3435669e-10  -1.8660569e-09
  -1.6002257e-09  -2.0613743e-08   2.3992709e-08
   4.1265198e-10   1.2484041e-09  -1.5804243e-09
  -4.3246076e-10  -6.8316685e-10   9.8562126e-09
  -1.4418391e-09  -2.5942828e-09   2.0215999e-08
  -6.8199873e-10  -1.2071533e-09   1.0794564e-08
   9.2098209e-10   8.4990916e-09  -9.7887142e-09
  -5.5441153e-09  -6.6589924e-08   7.9859217e-08
  -9.6293270e-10  -6.5946221e-10   4.0631783e-09
  -6.7328701e-09  -3.0394713e-09   1.4951426e-08
  -8.2307569e-10  -7.6503669e-10   2.7044909e-09
  -1.3519699e-08  -3.3254833e-09   2.0941168e-08
  -6.3294602e-09  -4.4125434e-09   3.0943742e-08
  -3.6928869e-09  -2.2837295e-09   1.3255702e-08
  -3.5685843e-10  -7.0013357e-09   8.2469095e-09
  -3.0494564e-09  -1.6252616e-08   2.4806269e-08
  -1.9195553e-09  -3.0926098e-09   4.0141347e-08
   1.8938695e-10   3.3477655e-10  -2.1537623e-09
   2.5586271e-10   4.2455388e-10  -4.1198651e-09
  -7.5015402e-10  -1.2555921e-09   1.4191391e-08
  -4.1010517e-09  -1.8216098e-08   3.1750014e-08
  -7.3349286e-08  -7.0444935e-09   8.6761419e-08
   9.5718782e-10   5.9393030e-10  -2.8122211e-09
  -5.7822251e-09  -2.8870269e-09   1.4565219e-08
  -1.7057919e-08  -3.5957149e-09   2.3023601e-08
  -3.0210299e-09  -1.5406834e-09   8.5149325e-09
   1.4609821e-09   7.0935402e-10  -2.5638668e-09
  -8.7120412e-08  -1.2918369e-08   1.0885278e-07
  -6.6336794e-09  -3.7983326e-09   2.0363282e-08
  -7.9051817e-09  -6.5418690e-08   8.3793469e-08
  -1.4428152e-09  -2.4400357e-09   2.5915039e-08
  -1.9278328e-09  -5.3409484e-09   1.3603391e-08
  -3.9354722e-09  -1.1323325e-08   2.9877999e-08
  -1.0657581e-08  -5.3706450e-09   2.8133539e-08
  -3.6590563e-08  -7.3292527e-09   5.0049072e-08
  -2.0648303e-08  -6.6114061e-09   3.5368275e-08
  -6.7009727e-09  -4.5186270e-09   2.8170858e-08
  -6.1771482e-09  -2.7838980e-08   4.6623470e-08
  -2.2463319e-09  -3.9571720e-09   3.4773043e-08
  -2.0551602e-09  -3.4956605e-09   3.6422756e-08
  -5.4682927e-09  -2.0533420e-08   4.0608055e-08
  -1.3839380e-08  -9.4534673e-09   5.8278105e-08
  -9.5912791e-09  -5.2176716e-09   2.6856502e-08
  -1.1081243e-08  -7.2799858e-09   2.6519204e-08
  -8.0709738e-09  -5.0855627e-09   2.8317834e-08
  -1.1440527e-08  -6.5725851e-09   3.1818520e-08
  -1.3752484e-08  -5.1620549e-09   2.6606839e-08
  -8.4550437e-09  -5.7866797e-09   2.6073088e-08
  -8.1399432e-08  -1.3800472e-08   1.0435045e-07
  -5.7381359e-09  -1.4858460e-08   3.9990122e-08
  -2.4490479e-09  -4.0186735e-09   5.0687150e-08
  -2.2608381e-09  -3.7491782e-09   4.4447686e-08
  -2.1703688e-09  -3.7026052e-09   3.9081133e-08
  -2.1534755e-09  -3.6110450e-09   4.1697492e-08
   5.0953460e-09   5.6904960e-10  -1.2400572e-09
  -2.8639788e-09  -5.1677460e-09   4.2531016e-08
  -1.9667053e-09  -3.4115757e-09   3.4064630e-08
  -1.8175300e-09  -3.0441208e-09   3.5697357e-08
  -1.5034375e-09  -2.6324831e-09   2.5316165e-08
  -6.9119023e-09  -4.7151439e-09   1.9713182e-08
  -3.1206893e-08  -8.3249407e-09   4.7489188e-08
  -7.1038248e-09  -6.2489152e-09   1.8904952e-08
  -8.9661298e-08  -1.8806010e-08   1.1685571e-07
  -6.4435308e-09  -2.5814485e-08   4.5766701e-08
  -5.0401225e-08  -1.2665893e-08   7.3727323e-08
  -5.2376367e-09  -1.4177572e-08   3.4054366e-08
  -2.1832746e-08  -1.2568011e-07   1.6843684e-07
  -5.9027213e-09  -2.1672840e-08   3.5984585e-08
  -4.1363735e-09  -6.7540493e-09   8.9573939e-08
  -1.4898740e-09  -2.5639985e-09   2.6951010e-08
  -5.5416419e-09  -1.6657079e-08   3.6788007e-08
  -7.4271549e-08  -1.8552220e-08   1.0062115e-07
  -4.7086885e-09  -1.1303138e-08   3.0149703e-08
  -1.4952727e-09  -2.5644780e-09   2.7922323e-08
  -4.9283245e-09  -1.5692208e-08   3.0291334e-08
  -1.7228182e-09  -3.0442154e-09   2.9542715e-08
  -4.4199141e-09  -1.1627330e-08   2.5126268e-08
  -3.2399225e-09  -5.3873676e-09   7.1245921e-08
  -6.4994855e-09  -2.7179830e-08   4.0797412e-08
  -2.7336764e-08  -9.7122048e-09   4.3899560e-08
  -3.1503958e-09  -5.8189293e-09   1.6942674e-08
  -1.6379518e-09  -2.8472605e-09   3.0837513e-08
  -1.8779870e-09  -3.2871138e-09   3.5142309e-08
  -7.5958288e-09  -3.7819942e-08   5.1467401e-08
  -5.1177607e-09  -1.7471370e-08   2.8442224e-08
  -1.5390229e-09  -2.6331966e-09   3.0489358e-08
  -1.4198848e-08  -5.2217644e-09   2.6226288e-08
  -1.5203147e-09  -3.2758959e-09   1.8145681e-08
  -1.7193768e-09  -3.8134840e-09   1.8783242e-08
  -1.8743784e-09  -3.2013356e-09   4.0296086e-08
  -2.0159674e-09  -3.3423615e-09   4.5804090e-08
  -1.6869928e-09  -2.9341832e-09   3.4161608e-08
  -1.7533241e-09  -3.0123125e-09   3.8318024e-08
  -1.8002184e-09  -4.0877609e-09   1.8663617e-08
  -1.5874796e-09  -2.7944464e-09   3.2075575e-08
  -1.1999527e-09  -2.6268818e-09   1.5672610e-08
  -6.6337668e-09  -3.9036554e-09   2.0117163e-08
  -1.3978344e-09  -2.4227645e-09   3.0560957e-08
  -2.8005789e-09  -5.0555853e-09   5.0157818e-08
  -1.3332172e-08  -3.4430784e-09   4.4251916e-08
  -8.9575948e-10  -1.5631999e-09   1.8822162e-08
  -1.1954991e-09  -2.0011910e-09   2.6322367e-08
  -1.1427208e-09  -2.4507825e-09   1.5953434e-08
  -4.7978027e-09  -3.2248022e-09   1.8013042e-08
  -9.0890969e-08  -1.5872235e-08   1.1542952e-07
  -2.6635512e-09  -1.5611484e-08   2.4251398e-08
  -1.0469466e-09  -1.9291605e-09   1.9419273e-08
  -7.0181114e-08  -4.0336911e-09   1.0190153e-07
  -1.8964542e-09  -3.1713386e-09   4.4779688e-08
  -2.4747058e-09  -6.4133937e-09   2.5842627e-08
  -9.1818164e-10  -2.0213460e-09   1.5059053e-08
  -9.6616984e-09  -1.9965108e-09   2.6840398e-08
  -1.1450982e-08  -6.0030377e-08   7.8540959e-08
  -1.6650531e-08  -1.1561910e-07   1.4113001e-07
  -7.3003311e-10  -1.3707687e-09   1.4974373e-08
  -1.7703806e-08  -1.2421430e-07   1.5190662e-07
  -3.7041209e-09  -1.0864363e-08   4.2613993e-08
  -9.0042910e-10  -1.7312201e-09   2.1472899e-08
  -6.0940381e-10  -1.1762726e-09   1.2308644e-08
  -4.7987491e-08  -2.8028264e-09   8.1044039e-08
  -3.3516935e-08  -3.2441445e-09   7.4423342e-08
  -4.9982082e-08  -2.7270156e-09   8.3194776e-08
  -4.6677169e-08  -3.0535558e-09   7.9934278e-08
  -5.8408367e-08  -2.5766467e-09   9.3480136e-08
  -1.7256130e-07  -1.1530324e-08   1.9857250e-07
  -1.3594194e-08  -2.3179156e-09   2.5649763e-08
  -5.3523038e-08  -2.6110460e-09   9.4054529e-08
  -2.0200829e-09  -7.2950986e-08   8.3255007e-08
  -1.9411866e-09  -8.5095671e-08   9.7808628e-08
  -5.6168008e-08  -2.4095879e-09   9.5701016e-08
  -3.6791722e-08  -3.1351595e-09   7.9166183e-08
  -8.2163629e-08  -5.6670405e-08   1.4743123e-07
  -1.4030454e-09  -3.6373356e-09   1.6920701e-08
  -2.6396255e-07  -2.1809338e-08   2.9893383e-07
  -6.1434950e-08  -8.2310477e-09   7.6477517e-08
  -1.7192563e-08  -2.2668794e-08   4.5648205e-08
  -1.3949183e-08  -3.7778713e-07   3.9664529e-07
  -8.9643272e-09  -2.0800944e-07   2.3179420e-07
  -7.3471397e-08  -1.9166513e-09   1.0606015e-07
  -2.0462385e-09  -2.3781226e-08   4.0115858e-08
  -5.1900692e-09  -1.6627446e-07   1.8042370e-07
  -1.8744930e-08  -2.6785476e-09   6.6553833e-08
  -2.0147644e-09  -2.2582332e-08   3.8480184e-08
  -1.4696853e-09  -4.5376202e-08   5.6467508e-08
  -6.4410718e-08  -1.4974740e-09   8.7352628e-08
  -3.7149595e-08  -2.2254335e-09   7.5863879e-08
  -1.9748438e-09  -4.7004668e-08   6.2568399e-08
  -1.4138303e-09  -5.4382821e-08   6.4423187e-08
  -2.8191846e-08  -2.1595882e-09   6.7094843e-08
  -2.9452237e-08  -2.0717857e-09   6.5592491e-08
  -1.1075756e-09  -1.4000424e-08   2.4220011e-08
  -6.3484598e-09  -3.2768565e-08   4.4115955e-08
  -6.2983410e-08  -1.7571945e-09   9.0496100e-08
  -6.3907582e-09  -3.9496016e-09   1.5863145e-08
  -4.6444911e-08  -1.4419463e-09   6.8538556e-08
  -1.3705436e-09  -1.4929308e-08   2.1421322e-08
  -2.0230027e-09  -7.7346112e-08   9.3107220e-08
  -2.2196302e-08  -1.1201825e-09   3.6447256e-08
  -1.3811679e-09  -2.5347706e-08   3.6737019e-08
  -1.1009421e-09  -2.6441718e-09   2.5875348e-08
  -6.6966043e-10  -1.7060297e-09   1.4483407e-08
  -8.5165903e-10  -1.7758147e-09   2.0885878e-08
  -4.6937603e-10  -9.2014100e-10   1.4020981e-08
  -2.3447728e-09  -1.2319770e-08   3.9399311e-08
  -7.4610095e-10  -1.9984944e-09   1.5664900e-08
  -9.2159805e-10  -1.8168165e-08   2.5008695e-08
  -2.8850450e-08  -1.7532355e-09   5.8278485e-08
  -1.0899044e-09  -3.9762143e-09   1.0408983e-08
  -2.0309170e-08  -1.6495440e-09   4.9320544e-08
  -9.2600026e-10  -1.3270787e-09   2.3141027e-08
  -1.3657258e-09  -7.4969477e-09   2.3126217e-08
  -1.1868994e-09  -3.3326286e-09   2.5226064e-08
  -7.0353520e-10  -3.4585939e-09   9.7782784e-09
  -2.0011287e-08  -2.0009964e-09   5.5710049e-08
  -1.7424119e-09  -5.0720257e-09   3.4410433e-08
  -8.2481189e-10  -2.2160325e-09   1.7772547e-08
  -1.3920582e-09  -2.3762491e-09   9.3349468e-09
  -4.4434834e-10  -1.1280738e-09   9.9749687e-09
  -1.0201496e-09  -5.6335466e-09   1.6959045e-08
  -4.4010683e-10  -8.6590886e-10   1.0414146e-08
  -6.0640004e-10  -2.3974516e-09   1.0693165e-08
  -6.3241767e-10  -1.5737977e-09   1.3363096e-08
  -4.1332461e-10  -1.1846079e-09   8.5727358e-09
  -2.1648898e-09  -7.1885598e-09   3.1216740e-08
  -7.5471295e-10  -4.7082245e-09   1.1206429e-08
  -6.2109702e-09  -1.0307961e-09   2.0380514e-08
  -1.3029853e-08  -4.0203492e-09   9.0374835e-08
  -1.2454287e-09  -4.4959929e-09   1.8681390e-08
  -5.1383986e-09  -2.9589576e-09   6.8863603e-08
  -9.6964519e-10  -2.9647176e-09   1.3704958e-08
  -6.9005102e-09  -1.0413693e-09   2.1058771e-08
  -3.2265318e-09  -8.9715415e-10   1.4922145e-08
  -2.1125337e-09  -7.5213439e-09   3.3102322e-08
  -4.8275921e-10  -1.2937045e-09   8.0614670e-09
  -8.6972408e-10   2.0411001e-10   8.9735244e-09
  -9.3071558e-10  -7.9607445e-10   9.3638511e-09
  -4.0039061e-10  -7.9239919e-10   1.1669541e-08
  -4.5035255e-10  -1.4942461e-09   8.0212205e-09
  -6.7392782e-10  -7.7262721e-10   8.4928661e-09
  -7.7018100e-10  -5.6547195e-10   1.0174646e-08
  -9.5597345e-09  -1.0120281e-09   1.7448959e-08
  -5.3968126e-10  -9.0019735e-10   1.9343289e-08
  -3.7367779e-10  -5.5401001e-10   1.5566363e-08
  -5.1739629e-10  -6.3222286e-10   7.4428846e-09
  -3.5103116e-10  -7.7160852e-10   8.0167044e-09
  -2.8328439e-10  -4.6126732e-10   9.1960113e-09
  -3.5996936e-10  -7.3177585e-10   7.5751650e-09
  -4.6345143e-10  -3.8749254e-10   8.6574805e-09
  -2.7932134e-10  -3.9485414e-10   1.0941015e-08
  -4.1651847e-10  -5.7448551e-10   1.9207055e-08
  -2.6324356e-10  -4.3283918e-10   7.2655563e-09
  -3.1275650e-10  -4.3084268e-10   5.5679118e-09
  -2.5293738e-10  -4.0050659e-10   8.6340757e-09
  -2.6253861e-09  -3.9708195e-09   4.5475381e-08
  -5.0407795e-09  -3.1473053e-09   7.2670485e-08
  -2.5979217e-12  -1.4790702e-10  -7.9713475e-09
  -4.8520267e-09  -2.9441727e-09   6.9470967e-08
  -1.4637649e-09  -9.1677664e-10   2.3340754e-08
  -6.2073322e-10  -4.3730282e-10   1.1076767e-08
  -3.8704066e-10  -4.3177295e-10   6.7452433e-09
  -2.6186517e-10  -3.5426261e-10   9.0695745e-09
  -4.0198123e-10  -5.3914018e-10   1.8959786e-08
  -2.6100462e-10  -3.9401753e-10   9.6186719e-09
  -2.8307315e-10  -4.1541468e-10   1.1299685e-08
  -4.1519245e-10  -5.3327938e-10   1.9972353e-08
  -2.5348326e-10  -3.1230503e-10   8.7067621e-09
  -2.6699244e-10  -3.6633610e-10   1.0013291e-08
  -2.2433822e-09  -2.8223024e-09   1.1176893e-07
  -3.5324809e-10  -4.6960347e-10   1.5475134e-08
  -3.3653649e-10  -4.5231658e-10   1.4904639e-08
  -1.3476223e-09  -9.2114810e-10   3.0128381e-08
  -2.0269925e-09  -2.5257373e-09   9.2709641e-08
  -4.0943593e-10  -5.3068304e-10   1.9057921e-08
  -1.7625446e-09  -2.1895282e-09   8.9059830e-08
  -3.7508629e-10  -4.8098913e-10   1.6506334e-08
  -3.1129494e-10  -4.1444753e-10   1.2695653e-08
  -2.7283734e-10  -3.8273071e-10   7.7359945e-09
  -2.5906719e-10  -3.0749761e-10   9.8178767e-09
  -1.2175633e-09  -1.4765201e-09   5.2333412e-08
  -7.2248906e-10  -5.0910304e-10   1.6955968e-08
  -2.4847369e-10  -2.8012873e-10   9.2472636e-09
  -7.1479994e-10  -8.2754536e-10   3.2213539e-08
  -2.8513508e-10  -2.7780038e-10   8.1141934e-09
  -5.2886769e-10  -5.6342389e-10   2.4832376e-08
  -7.8843583e-10  -7.9665687e-10   3.8694385e-08
  -4.1706195e-10  -3.4087686e-10   1.4018213e-08
  -3.1463770e-10  -4.8415924e-10   7.3796887e-09
  -8.8252679e-10  -8.8711880e-10   4.2326467e-08
  -6.6822174e-10  -5.4053539e-10   2.4915439e-08
  -1.1197808e-09  -1.0885889e-09   5.3021467e-08
  -2.7933938e-10  -2.6611176e-10   1.2261448e-08
  -2.1350859e-09  -2.0392393e-09   1.0180026e-07
  -7.0213747e-10  -6.7798006e-10   3.3135573e-08
  -9.3981381e-10  -7.9081817e-10   3.8824104e-08
  -1.9200120e-09  -1.5513619e-09   7.4816165e-08
  -2.1864024e-09  -2.0394018e-09   1.0304527e-07
  -6.5793654e-10  -6.1256035e-10   3.0696147e-08
  -3.2670719e-09  -2.8919235e-09   1.4552340e-07
  -1.7401228e-09  -1.5751119e-09   8.0033243e-08
  -1.0389523e-09  -9.4902491e-10   4.8218530e-08
  -4.2378835e-10  -3.8713596e-10   1.8614251e-08
  -1.8861931e-09  -1.6614470e-08   2.8021231e-08
  -6.4496050e-10  -1.1954759e-09   1.9364015e-08
  -5.2314474e-10  -7.8272829e-10   2.1856667e-08
  -2.4165989e-08  -3.1787232e-09   5.7410259e-08
  -1.9028804e-09  -1.6907675e-08   2.9819237e-08
  -4.8011689e-10  -7.6362216e-10   1.7894232e-08
  -8.8866858e-10  -1.8556515e-09   2.1832710e-08
  -1.8268120e-07  -3.8494546e-08   2.6434349e-07
  -4.0349418e-08  -2.0396863e-08   1.2803108e-07
  -7.2156274e-09  -1.2152466e-08   1.1936064e-07
  -3.2334637e-08  -1.0171136e-07   2.1174761e-07
  -5.0964875e-08  -1.3297757e-08   8.4258045e-08
  -1.4446102e-08  -8.1743428e-09   5.4163891e-08
  -2.1650956e-08  -8.2412294e-08   1.4509157e-07
  -8.4309055e-08  -2.2232936e-08   1.3893063e-07
  -2.7710561e-09  -4.5945161e-09   4.9056186e-08
  -1.2659551e-08  -4.5202594e-08   8.6360726e-08
  -2.3464900e-08  -1.2766984e-08   8.5076596e-08
  -6.0796894e-08  -1.1635943e-08   8.7935698e-08
  -5.4138840e-09  -9.2601522e-09   8.6103515e-08
  -2.5353136e-09  -4.0934992e-09   4.9633721e-08
  -1.0352231e-08  -4.6839530e-08   7.8132309e-08
  -7.0719968e-09  -2.8011992e-08   5.0490560e-08
  -8.6178987e-09  -4.9512033e-09   2.9996924e-08
  -3.4781742e-08  -8.3623352e-09   5.3870252e-08
  -1.2038436e-08  -6.5762761e-09   4.0390242e-08
  -3.5691841e-09  -6.0688042e-09   5.7629749e-08
  -8.0763757e-09  -2.5273176e-08   5.6814954e-08
  -8.4981474e-08  -1.1786699e-08   1.0914888e-07
  -1.0952602e-08  -7.0602447e-09   4.7548178e-08
  -1.0995392e-08  -7.2635219e-08   1.0015717e-07
  -2.4578920e-09  -3.9460771e-09   4.9796739e-08
  -1.5730936e-09  -2.6458976e-09   2.7460679e-08
  -2.8137768e-09  -4.9024588e-09   4.3290023e-08
  -1.9676382e-09  -3.2920773e-09   3.4331541e-08
  -1.1234311e-08  -5.8954491e-09   3.3370192e-08
  -1.8769712e-08  -6.2847320e-09   3.6074489e-08
  -2.3951288e-08  -8.3826248e-09   4.7360284e-08
  -2.1429270e-08  -6.6994392e-09   3.5843051e-08
  -7.2223323e-09  -4.7051323e-09   2.9914352e-08
  -6.5833596e-09  -4.1581477e-09   2.3864979e-08
  -6.8079366e-09  -3.6467546e-08   5.5188489e-08
  -5.2729055e-09  -2.1834993e-08   3.8196536e-08
  -1.6582486e-09  -2.7118661e-09   3.1892757e-08
  -2.9675081e-09  -5.1680604e-09   4.5367786e-08
  -1.7127080e-09  -2.9327760e-09   2.8752196e-08
  -5.3579700e-09  -2.0838317e-08   3.6896186e-08
  -1.0220049e-08  -7.2276514e-08   9.8578736e-08
  -7.0385777e-09  -4.2650775e-09   2.5999322e-08
  -1.9265264e-08  -7.4041407e-09   3.9367872e-08
  -2.2849423e-08  -6.6919588e-09   3.9004115e-08
  -2.3770833e-08  -6.8436289e-09   3.9792793e-08
  -1.0362519e-08  -6.9754054e-09   4.6009051e-08
  -6.9437936e-09  -4.3239638e-09   2.5209691e-08
  -5.9966249e-09  -2.5984932e-08   4.4102965e-08
  -5.6967750e-09  -2.4520045e-08   4.1514168e-08
  -2.4047903e-09  -3.8771013e-09   4.9108219e-08
  -1.4545688e-09  -2.4454461e-09   2.5845622e-08
  -1.4476467e-09  -2.4372683e-09   2.5480823e-08
  -1.4763290e-09  -2.4580071e-09   2.7118336e-08
  -5.8005035e-09  -2.2375731e-08   4.1804078e-08
  -8.9992935e-08  -1.2311185e-08   1.1489476e-07
  -6.6886517e-09  -4.1482361e-09   2.4044413e-08
  -1.1065378e-08  -5.8812360e-09   3.1985060e-08
  -3.3501065e-08  -8.4732420e-09   5.1510882e-08
  -7.7385084e-09  -4.4410105e-09   2.5335176e-08
  -2.2580151e-08  -6.5255266e-09   3.7464813e-08
  -9.2642270e-08  -1.5556793e-08   1.2110528e-07
  -8.4331972e-09  -4.9502311e-09   2.6927598e-08
  -9.6723459e-09  -6.1888649e-08   8.6462524e-08
  -1.7473203e-09  -2.9295999e-09   3.1413703e-08
  -5.5462413e-09  -1.8255922e-08   3.9704319e-08
  -7.7585463e-09  -2.3841909e-08   5.5023450e-08
  -1.3211168e-08  -6.9818090e-09   3.7139055e-08
  -3.9856899e-08  -9.2975573e-09   5.8389188e-08
  -2.3002127e-08  -7.9814962e-09   4.2008480e-08
  -8.5715553e-09  -5.7348886e-09   3.5239148e-08
  -6.4519508e-09  -2.6462759e-08   4.7032547e-08
  -2.6161195e-09  -4.5400504e-09   4.1676963e-08
  -2.1925968e-09  -3.7039265e-09   3.8972732e-08
  -6.0812460e-09  -2.1032711e-08   4.3615739e-08
  -1.4516208e-08  -9.9624748e-09   6.0267832e-08
  -1.0669428e-08  -5.9939205e-09   3.1185751e-08
  -1.0928058e-08  -7.0348307e-09   2.6200391e-08
  -8.5192244e-09  -5.5587090e-09   3.1258192e-08
  -1.2756909e-08  -7.3933064e-09   3.6019081e-08
  -1.9786524e-08  -7.6794172e-09   3.9856232e-08
  -7.8491283e-09  -5.6866147e-09   2.5200258e-08
  -7.3929044e-08  -1.4081770e-08   9.9619372e-08
  -5.9241083e-09  -1.4946849e-08   4.1291857e-08
  -2.5535910e-09  -4.1726663e-09   5.2791947e-08
  -2.3146097e-09  -3.8176829e-09   4.5501684e-08
  -2.2484045e-09  -3.8171101e-09   4.0493864e-08
  -2.2390627e-09  -3.7320297e-09   4.3496225e-08
   4.7021853e-09   3.1950792e-10   2.4103490e-12
  -2.9673604e-09  -5.3341898e-09   4.4182235e-08
  -1.9673848e-09  -3.3910214e-09   3.4326636e-08
  -1.8833551e-09  -3.1372295e-09   3.7169289e-08
  -1.5668761e-09  -2.7303754e-09   2.6405914e-08
  -6.8887585e-09  -4.7036085e-09   1.9824823e-08
  -3.1203805e-08  -9.2014061e-09   5.0157115e-08
  -6.2276382e-09  -6.2335995e-09   1.8453916e-08
  -7.4954007e-08  -1.7014599e-08   1.0123534e-07
  -6.3626450e-09  -2.4147676e-08   4.4914475e-08
  -6.4060859e-08  -1.4488608e-08   8.9360346e-08
  -5.1437992e-09  -1.3961817e-08   3.4194382e-08
  -2.4319329e-08  -1.5250281e-07   1.9688549e-07
  -5.8657898e-09  -2.2301889e-08   3.7016706e-08
  -3.9687227e-09  -6.4735372e-09   8.4962485e-08
  -1.5016087e-09  -2.5705223e-09   2.7299297e-08
  -5.5169225e-09  -1.6242681e-08   3.7199533e-08
  -7.4254754e-08  -1.8479818e-08   1.0030123e-07
  -4.6728178e-09  -1.1091635e-08   3.0519470e-08
  -1.5083933e-09  -2.5742184e-09   2.8317923e-08
  -4.7781580e-09  -1.5263711e-08   3.0169517e-08
  -1.6756956e-09  -2.9378471e-09   2.9434748e-08
  -4.3206686e-09  -1.1553958e-08   2.5258149e-08
  -3.2400056e-09  -5.3518365e-09   7.1982369e-08
  -6.3163411e-09  -2.7404703e-08   4.1046473e-08
  -2.7016522e-08  -9.5309154e-09   4.3683649e-08
  -3.0796759e-09  -5.7153632e-09   1.6953904e-08
  -1.6341873e-09  -2.8323608e-09   3.0880607e-08
  -1.8344497e-09  -3.1982675e-09   3.4928773e-08
  -7.4698312e-09  -3.7979754e-08   5.1700663e-08
  -5.0691755e-09  -1.7250181e-08   2.8318380e-08
  -1.5417434e-09  -2.6283109e-09   3.0711781e-08
  -1.4246526e-08  -5.2267589e-09   2.6308470e-08
  -1.5203580e-09  -3.2737914e-09   1.8311081e-08
  -1.7080672e-09  -3.7895897e-09   1.8859002e-08
  -1.8313381e-09  -3.1175525e-09   3.9549495e-08
  -2.0488975e-09  -3.3913381e-09   4.6773558e-08
  -1.6991078e-09  -2.9517307e-09   3.4574719e-08
  -1.7714061e-09  -3.0353185e-09   3.8845858e-08
  -1.7827104e-09  -4.0568237e-09   1.8711654e-08
  -1.5093454e-09  -2.6452693e-09   3.0951979e-08
  -1.2045259e-09  -2.6319742e-09   1.5884635e-08
  -6.6228953e-09  -3.8934732e-09   2.0189464e-08
  -1.4294251e-09  -2.4689874e-09   3.1551903e-08
  -2.9243066e-09  -5.2761906e-09   5.2797992e-08
  -1.6200738e-08  -3.2645794e-09   4.5254939e-08
  -8.9607926e-10  -1.5616382e-09   1.8944398e-08
  -1.1882988e-09  -1.9837276e-09   2.6363340e-08
  -1.1424491e-09  -2.4489110e-09   1.6073813e-08
  -4.7947283e-09  -3.2159601e-09   1.8069422e-08
  -9.5810167e-08  -1.6425491e-08   1.2022001e-07
  -2.6196726e-09  -1.5514996e-08   2.4194993e-08
  -1.0403176e-09  -1.9134044e-09   1.9455354e-08
  -8.3940912e-08  -4.5112948e-09   1.2054324e-07
  -1.8232848e-09  -3.0426890e-09   4.3269865e-08
  -2.4337203e-09  -6.3738695e-09   2.5822890e-08
  -8.9874638e-10  -1.9621292e-09   1.5082803e-08
  -9.8394345e-09  -2.0038677e-09   2.7032055e-08
  -1.1424771e-08  -5.7215695e-08   7.6374248e-08
  -1.6857163e-08  -1.1159905e-07   1.3668353e-07
  -7.2506394e-10  -1.3587130e-09   1.5014404e-08
  -1.7416382e-08  -1.1874014e-07   1.4707675e-07
  -3.6224631e-09  -1.0652281e-08   4.2425853e-08
  -9.0103873e-10  -1.7255734e-09   2.1377349e-08
  -6.0065333e-10  -1.1556204e-09   1.2417560e-08
  -4.8346472e-08  -2.8130576e-09   8.1499494e-08
  -3.3910428e-08  -3.2468910e-09   7.4890296e-08
  -5.0311510e-08  -2.7555776e-09   8.3620909e-08
  -4.2782301e-08  -2.9825915e-09   7.5545732e-08
  -5.3268925e-08  -2.6496146e-09   8.9578067e-08
  -1.7672669e-07  -1.1512200e-08   2.0288378e-07
  -1.3701664e-08  -2.3350633e-09   2.5765387e-08
  -5.3295206e-08  -2.5840656e-09   9.4152568e-08
  -1.9621957e-09  -6.5920277e-08   7.7260321e-08
  -1.9164966e-09  -8.7093611e-08   9.9026067e-08
  -5.5369267e-08  -2.3818042e-09   9.4790265e-08
  -3.7250260e-08  -3.1484150e-09   8.0097293e-08
  -8.6042345e-08  -5.3849034e-08   1.4789700e-07
  -1.3732174e-09  -3.5599395e-09   1.6816897e-08
  -2.6311627e-07  -1.7947603e-08   2.9428786e-07
  -5.9037235e-08  -7.8145443e-09   7.4201406e-08
  -1.7269898e-08  -2.2574522e-08   4.5658219e-08
  -1.3728181e-08  -3.5116097e-07   3.7861464e-07
  -9.5767173e-09  -2.1724766e-07   2.4020724e-07
  -7.5670816e-08  -1.9047722e-09   1.0781966e-07
  -2.0433416e-09  -2.4478188e-08   4.0631206e-08
  -5.3471307e-09  -1.7053473e-07   1.8352821e-07
  -1.7120771e-08  -2.6209630e-09   6.4407101e-08
  -2.0140512e-09  -2.2507374e-08   3.8536349e-08
  -1.4841673e-09  -4.9413521e-08   5.9945688e-08
  -6.3806242e-08  -1.4865659e-09   8.6733253e-08
  -3.6513366e-08  -2.1822839e-09   7.4701041e-08
  -2.0121079e-09  -4.6311454e-08   6.2379876e-08
  -1.3910819e-09  -5.2119852e-08   6.2622511e-08
  -2.8545842e-08  -2.1962132e-09   6.8070083e-08
  -2.9478213e-08  -2.0773742e-09   6.5867983e-08
  -1.1223286e-09  -1.4786534e-08   2.4977787e-08
  -6.3967237e-09  -3.2744554e-08   4.4173111e-08
  -6.1453179e-08  -1.7430868e-09   8.9492737e-08
  -6.3670556e-09  -3.9508247e-09   1.5857466e-08
  -4.8181335e-08  -1.4582835e-09   7.0132015e-08
  -1.3865618e-09  -1.5246301e-08   2.1696952e-08
  -1.9904674e-09  -7.5480594e-08   9.1584373e-08
  -2.2602470e-08  -1.1133011e-09   3.6934299e-08
  -1.3700581e-09  -2.4891371e-08   3.6335880e-08
  -1.1186480e-09  -2.6721478e-09   2.6609441e-08
  -6.7066303e-10  -1.7157295e-09   1.4581888e-08
  -8.3891357e-10  -1.7509897e-09   2.0686499e-08
  -4.6403398e-10  -9.0833107e-10   1.3989933e-08
  -2.2977343e-09  -1.2226904e-08   3.8756558e-08
  -7.4571615e-10  -2.0056673e-09   1.5731531e-08
  -9.2063918e-10  -1.7904392e-08   2.4821750e-08
  -2.9307218e-08  -1.7494093e-09   5.8703230e-08
  -1.0871123e-09  -3.9866861e-09   1.0425763e-08
  -1.9404637e-08  -1.6568801e-09   4.8940761e-08
  -1.3030739e-09  -3.4882539e-09   2.7917461e-08
  -1.3367250e-09  -7.3984923e-09   2.2775376e-08
  -1.1315595e-09  -3.1531215e-09   2.4381743e-08
  -7.0038748e-10  -3.4553456e-09   9.7916626e-09
  -1.9920292e-08  -1.9917607e-09   5.5771482e-08
  -1.7216820e-09  -5.0173325e-09   3.4170708e-08
  -8.1200784e-10  -2.1816586e-09   1.7640155e-08
  -1.3881108e-09  -2.3780571e-09   9.3407023e-09
  -4.3762042e-10  -1.1118874e-09   9.9338964e-09
  -1.0075479e-09  -5.5777508e-09   1.6863605e-08
  -4.3773170e-10  -8.6485483e-10   1.0467080e-08
  -6.0736305e-10  -2.4181984e-09   1.0757506e-08
  -6.3220757e-10  -1.5796720e-09   1.3432635e-08
  -4.1151378e-10  -1.1841553e-09   8.5956561e-09
  -2.1116739e-09  -7.6282925e-09   3.1255897e-08
  -7.5108416e-10  -4.6935948e-09   1.1210871e-08
  -6.2043121e-09  -1.0282257e-09   2.0365464e-08
  -1.1141082e-08  -3.8588995e-09   8.4835034e-08
  -1.2366249e-09  -4.5858477e-09   1.8782757e-08
  -4.6689617e-09  -2.9447539e-09   6.7507279e-08
  -9.7446192e-10  -3.0749005e-09   1.3870313e-08
  -6.9183099e-09  -1.0393533e-09   2.1095893e-08
  -3.1942666e-09  -8.9054995e-10   1.4843211e-08
  -1.9271588e-09  -5.3478566e-09   3.0155856e-08
  -4.7944907e-10  -1.2888574e-09   8.0675883e-09
  -8.6863961e-10   2.0172308e-10   8.9818982e-09
  -9.2743013e-10  -7.9528864e-10   9.3744876e-09
  -3.9885812e-10  -7.9118481e-10   1.1666815e-08
  -4.4740665e-10  -1.4874542e-09   8.0239959e-09
  -6.7191548e-10  -7.7315020e-10   8.4929617e-09
  -7.6639836e-10  -5.6343348e-10   1.0168069e-08
  -9.4978546e-09  -1.0051382e-09   1.7407086e-08
  -5.3579455e-10  -8.9155632e-10   1.9324294e-08
  -3.7285844e-10  -5.5355179e-10   1.5549885e-08
  -5.1569170e-10  -6.3172139e-10   7.4505702e-09
  -3.4959683e-10  -7.7130415e-10   8.0211443e-09
  -2.8193027e-10  -4.5995510e-10   9.1929342e-09
  -3.5744637e-10  -7.2648591e-10   7.5735118e-09
  -4.6235353e-10  -3.8674809e-10   8.6600267e-09
  -2.7806951e-10  -3.9365651e-10   1.0946570e-08
  -4.1580663e-10  -5.7400074e-10   1.9211641e-08
  -2.6210022e-10  -4.3154916e-10   7.2683404e-09
  -3.1161884e-10  -4.2973375e-10   5.5708959e-09
  -2.5188723e-10  -3.9955199e-10   8.6407688e-09
  -2.6552081e-09  -3.9985390e-09   4.4932081e-08
  -5.6871116e-09  -3.5233823e-09   8.1765194e-08
  -8.2596556e-14  -1.4457803e-10  -8.0147130e-09
  -4.8857287e-09  -2.9510398e-09   7.0277531e-08
  -1.4319987e-09  -9.0344692e-10   2.3441904e-08
  -6.1944157e-10  -4.3648387e-10   1.1083729e-08
  -3.8572009e-10  -4.3080742e-10   6.7481714e-09
  -2.6073659e-10  -3.5306382e-10   9.0737469e-09
  -4.0143506e-10  -5.3880219e-10   1.8976472e-08
  -2.6019986e-10  -3.9335518e-10   9.6283773e-09
  -2.8164254e-10  -4.1359073e-10   1.1288500e-08
  -4.1467770e-10  -5.3284864e-10   1.9995078e-08
  -2.5240568e-10  -3.1124279e-10   8.7103825e-09
  -2.6590024e-10  -3.6520952e-10   1.0019336e-08
  -2.2436688e-09  -2.8173956e-09   1.1307906e-07
  -3.5165950e-10  -4.6788276e-10   1.5465100e-08
  -3.3628367e-10  -4.5221971e-10   1.4946273e-08
  -1.3087968e-09  -9.0529033e-10   3.0203163e-08
  -2.0548937e-09  -2.5628669e-09   9.3868237e-08
  -4.1002509e-10  -5.3163601e-10   1.9134830e-08
  -1.7860055e-09  -2.2211213e-09   9.0010826e-08
  -3.7400772e-10  -4.7988803e-10   1.6518081e-08
  -3.1071736e-10  -4.1396266e-10   1.2718889e-08
  -2.7152800e-10  -3.8144432e-10   7.7398249e-09
  -2.5813392e-10  -3.0658054e-10   9.8197703e-09
  -1.1537965e-09  -1.4058101e-09   4.9936059e-08
  -7.1742395e-10  -5.0592109e-10   1.6919375e-08
  -2.4775591e-10  -2.7944713e-10   9.2479267e-09
  -7.2122721e-10  -8.3646595e-10   3.2406674e-08
  -2.8457632e-10  -2.7732421e-10   8.1158308e-09
  -5.2762357e-10  -5.6268209e-10   2.4816715e-08
  -8.2453354e-10  -8.4370798e-10   4.0200303e-08
  -4.1657659e-10  -3.4058499e-10   1.4033497e-08
  -3.1362842e-10  -4.8258826e-10   7.3830849e-09
  -8.6754203e-10  -8.7311798e-10   4.1841239e-08
  -6.6864330e-10  -5.4106603e-10   2.4963361e-08
  -1.1489526e-09  -1.1173886e-09   5.4381662e-08
  -2.7869421e-10  -2.6554491e-10   1.2264185e-08
  -1.9611271e-09  -1.8832950e-09   9.4671867e-08
  -7.0097681e-10  -6.7700140e-10   3.3099121e-08
  -9.2281790e-10  -7.7873378e-10   3.8332074e-08
  -1.9374932e-09  -1.5678648e-09   7.5868647e-08
  -2.1900142e-09  -2.0432247e-09   1.0322266e-07
  -6.6037602e-10  -6.1499447e-10   3.0834289e-08
  -3.2540736e-09  -2.8825590e-09   1.4551861e-07
  -1.7728370e-09  -1.6083200e-09   8.1626650e-08
  -9.8762883e-10  -9.0264872e-10   4.6031672e-08
  -4.2239250e-10  -3.8609999e-10   1.8595257e-08
  -1.9613921e-09  -1.5094230e-08   2.7009632e-08
  -6.5145800e-10  -1.2259256e-09   1.9140297e-08
  -5.2433922e-10  -7.9254200e-10   2.1662230e-08
  -2.3220724e-08  -3.7529441e-09   7.2291654e-08
  -1.9624770e-08  -3.7556571e-09   6.3082486e-08
  -1.6480566e-08  -4.1122137e-09   5.6842167e-08
   1.7863651e-09  -5.1441442e-09   4.8425961e-08
  -2.6555233e-09  -2.0843685e-08   4.1541997e-08
  -2.3066394e-09  -2.3114034e-08   4.2553227e-08
  -5.1511774e-09   4.2653183e-09   2.2125077e-08
  -3.1440023e-09  -2.7850104e-08   5.0170205e-08
  -1.4709220e-09  -2.6244134e-09   4.4481777e-08
  -1.2204684e-09  -1.7178222e-09   5.1605823e-08
  -1.2273957e-09  -1.9123797e-09   4.8482926e-08
  -1.1472308e-09  -1.5768229e-09   5.4413325e-08
  -1.7583362e-09  -2.9782798e-09   4.5177703e-08
  -1.6075690e-09  -2.8352600e-09   4.7900400e-08
  -1.0834448e-09  -9.9725527e-10   5.1203133e-08
  -1.4312721e-09  -1.3099434e-09   6.7274016e-08
  -1.3411200e-09  -1.2082520e-09   6.1919332e-08
  -1.1441701e-09  -1.0220127e-09   5.2378744e-08
  -1.3945998e-09  -1.2945138e-09   6.6184633e-08
  -1.0211979e-09  -9.4932318e-10   4.8939540e-08
  -1.0069129e-09  -9.4601103e-10   4.8491894e-08
  -1.3246902e-09  -1.2384454e-09   6.3027863e-08
  -1.0981271e-09  -9.7646865e-10   5.0156867e-08
  -1.2502010e-09  -1.1131008e-09   5.6620856e-08
  -1.1829819e-09  -1.0529655e-09   5.3521178e-08
  -9.2257244e-10  -8.2446120e-10   4.2285269e-08
  -1.1031845e-09  -1.0474806e-09   5.3126306e-08
  -9.3872921e-10  -8.9312014e-10   4.5364248e-08
  -1.2064379e-09  -1.0685859e-09   5.4629067e-08
  -1.4834074e-09  -1.2634316e-09   6.3969530e-08
  -1.9394415e-09  -1.5959343e-09   8.0040187e-08
  -1.9999659e-09  -1.6346570e-09   8.0790707e-08
  -6.1768996e-10  -6.1986563e-10   3.0884578e-08
  -8.8541441e-10  -8.5843443e-10   4.2679948e-08
  -9.7456303e-10  -9.4759359e-10   4.6508946e-08
  -5.4851924e-10  -5.4982886e-10   2.6986505e-08
  -1.1308888e-09  -1.1090011e-09   5.4290948e-08
  -1.1504112e-09  -1.1207933e-09   5.4982101e-08
  -2.0902006e-09  -1.6741992e-09   8.0479455e-08
  -1.8803130e-09  -1.4943580e-09   7.0999610e-08
  -7.8007245e-10  -7.9975470e-10   3.9840444e-08
  -1.0209988e-09  -1.0241369e-09   4.9273437e-08
  -1.8866399e-09  -1.4854516e-09   6.8455026e-08
  -1.8110251e-09  -1.4138028e-09   6.4611957e-08
  -1.0686258e-09  -1.0878264e-09   5.2013525e-08
  -5.4460816e-10  -5.5421003e-10   2.9295655e-08
  -1.2057468e-09  -1.3051796e-09   5.6833396e-08
  -1.0092374e-09  -1.0467623e-09   4.8472642e-08
  -1.9479353e-09  -1.4911398e-09   6.3653375e-08
  -1.7839809e-09  -1.2762749e-09   4.9580945e-08
  -8.4400349e-10  -9.6467425e-10   3.8160600e-08
  -1.2526693e-09  -1.3998378e-09   5.7284637e-08
  -8.6235000e-10  -9.9507343e-10   3.8868727e-08
  -7.7428971e-10  -8.7304202e-10   3.6656350e-08
  -1.0982700e-09  -1.3112234e-09   4.8942219e-08
  -9.8980822e-10  -1.1873984e-09   4.4252023e-08
  -6.3507600e-10  -7.7783133e-10   2.7169375e-08
  -7.4600152e-10  -9.0019315e-10   3.2063917e-08
  -1.4384169e-09  -1.0508479e-09   4.5487276e-08
  -2.3022367e-09  -1.6168062e-09   5.9355649e-08
  -7.1836265e-10  -8.7738662e-10   3.1823062e-08
  -6.0058688e-10  -7.3865807e-10   2.7068096e-08
  -8.5238069e-10  -1.0466767e-09   3.6692407e-08
  -8.8573901e-10  -1.0875856e-09   3.7611444e-08
  -1.1873161e-09  -1.4583822e-09   5.5255994e-08
  -1.4806385e-09  -1.8294451e-09   6.8757745e-08
  -1.1850965e-09  -1.4722815e-09   5.4124153e-08
  -1.0472178e-09  -1.3014233e-09   4.8000570e-08
  -1.0592209e-09  -1.3226562e-09   5.1422528e-08
  -1.1786256e-09  -1.4560025e-09   5.5518819e-08
  -1.3504447e-09  -1.6799617e-09   6.8087087e-08
  -1.4815306e-09  -1.8430035e-09   7.4853032e-08
  -1.3042726e-09  -1.6217951e-09   6.4833357e-08
  -1.0551180e-09  -1.3110486e-09   5.2196465e-08
  -9.0285037e-10  -1.1207550e-09   3.7803999e-08
  -8.8658767e-10  -1.0805678e-09   3.7514370e-08
  -1.7254063e-09  -2.1453493e-09   8.7047192e-08
  -1.4466174e-09  -1.7924577e-09   7.2681118e-08
  -1.3022600e-09  -1.6318269e-09   6.6713120e-08
  -1.3346034e-09  -1.6766699e-09   6.7537920e-08
  -1.2264034e-09  -1.5154781e-09   6.1522709e-08
  -1.2156462e-09  -1.5006792e-09   6.1278156e-08
  -1.0410790e-09  -1.3043694e-09   4.6343374e-08
  -8.8173233e-10  -1.0981221e-09   3.8574992e-08
  -3.5851342e-09  -2.4256542e-09   8.3438669e-08
  -4.5598543e-09  -3.0992635e-09   1.0841707e-07
  -2.5464615e-09  -1.6752533e-09   5.7547034e-08
  -3.1368787e-09  -1.8964717e-09   5.4146596e-08
  -1.4149361e-09  -1.8359238e-09   7.1837858e-08
  -1.3533341e-09  -1.7178844e-09   6.9425113e-08
  -8.8830633e-10  -1.1131977e-09   3.7845630e-08
  -8.9295311e-10  -1.1076339e-09   3.7651726e-08
  -1.4720345e-09  -1.9731457e-09   7.2656112e-08
  -1.4440764e-09  -1.9073593e-09   7.2386530e-08
  -6.7913039e-10  -1.1119908e-09   2.3197859e-08
  -5.5294577e-10  -8.9653298e-10   1.9120987e-08
  -5.9799593e-10  -9.6916501e-10   2.0608892e-08
  -7.5038622e-10  -1.2102021e-09   2.6558678e-08
  -7.5532138e-10  -1.2612075e-09   2.5214533e-08
  -6.7872387e-10  -1.1293676e-09   2.2956642e-08
  -1.0653640e-09  -1.6326928e-09   1.8056220e-08
  -1.0226478e-09  -1.5851720e-09   1.8620302e-08
  -1.3132932e-09  -2.1152647e-09   2.2867325e-08
  -1.2159821e-09  -2.3120056e-09   2.1569716e-08
  -2.5902911e-09  -1.5875734e-09   3.5803305e-08
  -1.8507358e-09  -1.1528412e-09   2.4223846e-08
  -2.6247948e-09  -1.6610737e-09   3.4458902e-08
  -2.2773153e-09  -1.4928638e-09   2.8959155e-08
  -6.8075290e-09  -3.9989666e-09   9.7972374e-08
  -5.0976766e-09  -3.0224457e-09   7.3675034e-08
  -3.8679636e-09  -2.3350338e-09   5.5583129e-08
  -4.4168829e-09  -2.6553717e-09   6.3577409e-08
  -6.4142841e-10  -9.8786283e-10   2.4266016e-08
  -7.6237591e-10  -1.1756228e-09   2.8855649e-08
  -7.7499562e-10  -1.2917447e-09   2.5898376e-08
  -7.9569069e-10  -1.3404252e-09   2.6289118e-08
  -9.2737164e-10  -1.4888220e-09   1.3268906e-08
  -1.0422076e-09  -1.6329764e-09   1.5867676e-08
  -1.1830055e-09  -1.7606952e-09   1.8871657e-08
  -1.2690859e-09  -1.9446101e-09   2.0227674e-08
  -7.8442184e-10  -1.2994214e-09   2.6756720e-08
  -7.2026913e-10  -1.1799817e-09   2.6032228e-08
  -7.3764864e-10  -1.3542071e-09   2.1681668e-08
  -8.3647404e-10  -1.4534173e-09   2.6421327e-08
  -2.1116606e-09  -1.3792341e-09   2.7501939e-08
  -2.7307460e-09  -1.7352627e-09   3.4275537e-08
  -1.2043383e-09  -1.7435354e-09   1.9653832e-08
  -1.0279357e-09  -1.4910944e-09   1.6799414e-08
  -9.5983677e-10  -2.0062674e-09   2.5321810e-08
  -8.1025184e-10  -1.3487963e-09   2.5602672e-08
  -1.1588277e-09  -2.2119892e-09   2.0711253e-08
  -1.5734295e-09  -3.8072572e-09   2.4804167e-08
  -7.4019410e-10  -1.2202062e-09   2.6678764e-08
  -8.2559296e-10  -1.4717474e-09   2.7312904e-08
  -1.5834108e-09  -2.7479923e-09   2.0216855e-08
  -1.5980602e-09  -2.4381537e-09   2.3185042e-08
  -3.3440064e-09  -1.9330997e-09   3.9753105e-08
  -3.7850314e-09  -2.2078386e-09   3.5558823e-08
  -1.4702345e-09  -4.0003654e-09   2.3043041e-08
  -1.4587868e-09  -4.0877712e-09   2.2931917e-08
  -1.3142026e-09  -2.6271282e-10   2.1275025e-08
  -1.1436485e-09   1.1272168e-09   1.9195038e-08
  -7.5801563e-10  -1.4316340e-09   2.3352636e-08
  -9.7385213e-10  -2.0364827e-09   2.6510105e-08
  -1.1926346e-09  -2.6188063e-09   3.0334449e-08
  -8.6041617e-10  -1.6717798e-09   2.3006063e-08
  -3.3970777e-09  -2.2173388e-09   3.0954464e-08
  -7.0377130e-10  -1.0461846e-10   2.8851843e-08
  -1.5515737e-09  -4.2693584e-09   2.4455441e-08
  -1.9763175e-09  -5.5400058e-09   3.0915221e-08
  -9.4859871e-10  -3.2845385e-09   1.4609799e-08
  -1.1324730e-09  -5.7537505e-09   1.7764575e-08
  -2.3248090e-10  -1.5289600e-09   3.1902094e-08
  -7.6299103e-09  -2.9789494e-09   5.8921808e-08
  -1.0314859e-09  -2.2853572e-09   2.6789530e-08
  -9.6129086e-10  -2.1774877e-09   2.4539649e-08
  -1.2973450e-09  -3.1928324e-09   3.1801473e-08
  -1.4256350e-09  -3.4744598e-09   3.5172053e-08
  -1.6378497e-09  -5.1278895e-09   2.3221990e-08
  -1.8733149e-09  -5.6859722e-09   2.6908474e-08
  -1.5588808e-09  -3.9752937e-09   2.1744809e-08
  -1.2295716e-09  -4.4111296e-10   1.5808916e-08
  -2.1574994e-09  -6.9569292e-09   3.1022536e-08
  -1.7556777e-09  -5.8336503e-09   2.4963163e-08
  -1.0457586e-08  -3.6290876e-09   8.5906352e-08
  -9.2292705e-09  -3.1776622e-09   7.3721082e-08
  -1.0161777e-09  -4.1538656e-09   1.6387825e-08
  -1.0915867e-09  -3.8152857e-09   1.6473371e-08
  -1.0595605e-08  -3.5802010e-09   7.9600807e-08
  -1.3277753e-08  -4.4263860e-09   9.9347055e-08
  -6.9307534e-09  -2.3266076e-09   5.2433438e-08
  -9.1016972e-09  -2.5021454e-09   5.9331858e-08
  -1.9084729e-09  -4.9622152e-09   4.5902574e-08
  -1.3654320e-09  -3.2690911e-09   3.4503386e-08
  -1.8848901e-09  -7.8391433e-09   3.2020788e-08
  -9.4126287e-10  -2.4923669e-09   1.9861108e-08
  -8.8472135e-10  -2.1706541e-09   2.0675511e-08
  -7.6584716e-10  -2.0004995e-09   1.6494056e-08
  -1.1964640e-09  -3.0803466e-09   1.7659464e-08
  -1.1510907e-09  -4.5744656e-09   1.8947598e-08
  -1.1083856e-09  -6.0506865e-09   1.7477688e-08
  -1.1369619e-09  -6.4855962e-09   1.8752819e-08
  -7.0564930e-10  -1.8307591e-09   1.5561667e-08
  -8.5319365e-10  -2.1585468e-09   1.9644688e-08
  -1.1693785e-08  -2.8456971e-09   6.8740306e-08
  -1.0044185e-08  -2.8551607e-09   6.7320244e-08
  -9.7364606e-10  -2.5115597e-09   2.2397264e-08
  -1.1288477e-09  -3.0362209e-09   2.4939027e-08
  -1.6866772e-09  -4.7765644e-09   3.5530725e-08
  -1.8032059e-09  -5.0761070e-09   3.8118591e-08
  -1.5622956e-09  -1.3148206e-08   2.7995987e-08
  -1.1135367e-09   3.4370858e-09   9.7123868e-09
  -1.4458835e-09  -4.2216688e-09   2.9239857e-08
  -1.6431065e-09  -4.9033078e-09   3.2505902e-08
  -1.3725463e-09  -8.3672745e-09   2.3329743e-08
  -1.6473736e-09  -1.0212548e-08   2.8035655e-08
  -4.4648679e-09  -2.6112890e-09   5.5969082e-08
  -1.8139552e-08  -2.5401076e-09   6.5570538e-08
  -1.8069688e-09  -1.1060124e-08   3.0670333e-08
  -2.0084045e-09  -1.1702163e-08   3.3940989e-08
  -1.9488527e-09  -5.8102463e-09   3.7572427e-08
  -1.8583289e-09  -5.4821105e-09   3.5894025e-08
  -2.4849681e-09  -1.2918004e-08   4.1651178e-08
  -2.5914469e-09  -1.3040168e-08   4.3506862e-08
  -1.3379904e-07  -1.5517862e-09   1.5330521e-07
  -1.0506096e-07  -1.8865208e-09   1.1470536e-07
  -1.2305100e-07  -3.0387072e-09   1.3882081e-07
  -1.5250929e-07  -5.9857717e-09   1.6834110e-07
  -6.2723385e-09  -1.7710495e-07   1.9060081e-07
  -2.4106061e-09  -1.1535039e-07   1.2701357e-07
  -2.0826872e-09  -1.1035964e-07   1.2049174e-07
  -1.6805364e-09  -1.4306752e-07   1.5303037e-07
  -1.7943893e-09  -5.0883346e-09   3.5245182e-08
  -1.6906260e-09  -4.6451557e-09   3.3879108e-08
  -1.4595836e-09  -3.8510580e-09   2.9991685e-08
  -1.0978304e-09  -2.8914186e-09   2.2911210e-08
  -1.2893655e-09  -3.2290148e-09   2.7366863e-08
  -1.1865817e-09  -2.8606821e-09   2.5076173e-08
  -9.7219737e-10  -2.3807544e-09   1.9999420e-08
  -1.1876624e-09  -2.8170355e-09   2.6100172e-08
  -2.0352462e-09  -1.6579342e-08   3.5432987e-08
  -2.0260368e-09  -1.8499936e-08   3.7695057e-08
  -2.4067444e-08  -2.8662838e-09   7.8919056e-08
  -2.2700182e-08  -2.8624943e-09   7.7069078e-08
  -2.3749073e-08  -3.0246078e-09   8.1438136e-08
  -2.3560244e-08  -3.0153616e-09   8.1183839e-08
  -2.3773419e-08  -2.8761682e-09   7.8235617e-08
  -2.5591381e-08  -2.9336465e-09   8.1153537e-08
  -1.0839913e-07  -1.2447815e-09   1.2475917e-07
  -8.2076847e-08  -9.4891145e-10   9.6204189e-08
  -3.4322182e-09  -1.6533073e-07   1.7351943e-07
  -2.4970130e-09  -1.3551478e-07   1.4517717e-07
  -1.1074570e-07   6.8188246e-09   1.1337479e-07
  -1.6912664e-07  -6.4763519e-09   1.8147074e-07
  -1.0407614e-09  -9.9909557e-08   1.0769342e-07
  -1.3045580e-09  -1.4046296e-07   1.4774206e-07
  -2.4227383e-08  -2.5782947e-09   7.3209710e-08
  -1.8500654e-08  -1.9571532e-09   5.6292629e-08
  -2.2007312e-09  -1.7763649e-08   3.7578095e-08
  -2.0904496e-09  -1.4802031e-08   3.3787341e-08
  -1.4465375e-09  -3.4246006e-09   3.0087356e-08
  -1.4457711e-09  -3.4119499e-09   2.6828118e-08
  -1.0749575e-07  -1.1002410e-09   1.2335721e-07
  -1.2288146e-07  -1.2689597e-09   1.4086614e-07
  -1.8977544e-08  -2.0094704e-09   5.7726830e-08
  -2.2699634e-08  -2.3764068e-09   6.8244151e-08
  -2.7885872e-09  -2.2563984e-08   4.6836737e-08
  -2.5969153e-09  -2.1812863e-08   4.4830760e-08
  -8.5510888e-08  -9.4390243e-10   1.0079507e-07
  -9.9646877e-08  -1.0213718e-09   1.1410490e-07
  -1.2262784e-09  -1.4265633e-07   1.4977252e-07
  -7.9301366e-10  -7.8512534e-08   8.5562116e-08
  -4.1530086e-09  -2.1900828e-07   2.2965017e-07
  -4.7986823e-09  -2.4309225e-07   2.5466790e-07
  -2.6309784e-08  -3.0446685e-09   8.4823136e-08
  -2.6346981e-08  -3.4117145e-09   9.1009211e-08
  -5.6269645e-09  -3.0779188e-07   3.1875145e-07
  -4.5204009e-09  -2.4920134e-07   2.6045937e-07
  -9.0307882e-10  -1.6028286e-07   1.6617404e-07
  -1.0873608e-09  -1.7204379e-07   1.7744302e-07
  -1.8076696e-07  -1.0019548e-09   1.9342925e-07
  -1.6403078e-07  -1.0261809e-09   1.7827358e-07
  -2.0488469e-08  -2.8160648e-09   7.2215729e-08
  -2.9563781e-08  -2.9791705e-09   8.2252653e-08
  -2.7648559e-09  -1.7696656e-07   1.8832830e-07
  -4.5464609e-09  -2.3871534e-07   2.4711534e-07
  -1.9722928e-08  -2.5358826e-07   2.7907263e-07
  -3.6167420e-10  -2.7136803e-07   2.7631275e-07
  -2.4507481e-07  -8.6737541e-09   2.6151965e-07
  -2.5135596e-07  -7.2588285e-09   2.6527200e-07
  -1.1128248e-07  -1.1140972e-07   2.2899667e-07
  -6.2867316e-08  -1.4195869e-07   2.1241493e-07
  -2.1228597e-07  -1.9378374e-08   2.3720098e-07
  -2.0098140e-07  -4.1444296e-08   2.4913393e-07
  -7.0268712e-10  -6.8343277e-08   7.5738221e-08
  -8.9397235e-10  -1.1188380e-07   1.1731869e-07
  -9.7153744e-08  -1.8246218e-09   1.1903011e-07
  -1.3160032e-07  -1.2735855e-09   1.4821630e-07
  -2.9548478e-08  -3.1197207e-09   8.2491489e-08
  -2.2217977e-08  -3.4070527e-09   7.4566239e-08
  -1.2510211e-09  -1.6217266e-07   1.6930450e-07
  -1.3586217e-09  -1.7415765e-07   1.8352060e-07
  -1.6479852e-09  -1.4295275e-07   1.5038469e-07
  -1.3338160e-09  -1.1218674e-07   1.2006950e-07
  -3.3691289e-10  -7.5163688e-10   5.4486950e-09
  -2.5787376e-10  -5.2429189e-10   5.3662070e-09
  -1.6962749e-09  -1.5049100e-07   1.6168682e-07
  -9.9732818e-09  -1.5522241e-07   1.7512274e-07
  -1.5560376e-09  -3.6572663e-09   3.0162725e-08
  -2.2570416e-09  -6.0087546e-09   3.1951107e-08
  -7.9040890e-08  -2.1482993e-09   1.0201968e-07
  -7.5727184e-08  -1.9220419e-09   9.7346124e-08
  -2.2985640e-07  -9.3817961e-09   2.4687988e-07
  -2.1996386e-07  -9.8245699e-09   2.3809321e-07
  -1.7377762e-07  -8.0951324e-09   1.9153804e-07
  -1.5089445e-07  -7.3791046e-09   1.6901125e-07
  -2.4586309e-07  -2.1986685e-08   2.6795804e-07
  -2.0085443e-07  -1.6713549e-08   2.1941723e-07
  -1.5528275e-07  -8.4664576e-09   1.7371958e-07
  -1.2078797e-07  -3.4693530e-09   1.4193849e-07
  -2.5986910e-08  -3.7202949e-09   8.0301584e-08
  -2.4769910e-08  -3.6523434e-09   7.6427049e-08
  -7.5531771e-08  -2.2696821e-09   9.9337729e-08
  -7.5997325e-08  -2.2558045e-09   9.9039808e-08
  -4.0625689e-08  -2.0451038e-09   5.6897086e-08
  -6.8155177e-08  -2.5451420e-09   9.2045088e-08
  -2.4475448e-08  -3.7794022e-09   7.6016632e-08
  -2.2968602e-08  -3.7614751e-09   7.4460428e-08
  -1.8533308e-09  -3.0740789e-09   4.5455312e-08
  -1.8387585e-09  -3.0250951e-09   4.5079858e-08
  -3.2647944e-09  -9.9931711e-09   4.1638509e-08
  -3.8065720e-09  -1.1681480e-08   4.5643308e-08
  -1.7872170e-09  -5.0377118e-09   2.6079308e-08
  -2.8423002e-09  -8.2458300e-09   3.8027136e-08
  -4.7711498e-09  -1.4119689e-08   5.1748015e-08
  -4.5089485e-09  -1.2972003e-08   4.7398044e-08
  -1.1587030e-09  -1.9004225e-09   2.8141357e-08
  -1.5130989e-09  -2.5102360e-09   3.6772472e-08
  -1.3326528e-08  -1.1682691e-07   1.4092421e-07
  -1.6510877e-08  -1.4547091e-07   1.7336248e-07
  -6.6033705e-08  -2.5453338e-09   8.6405356e-08
  -4.4739670e-08  -1.9213312e-09   5.9855453e-08
  -1.6907989e-09  -2.8304583e-09   4.0693980e-08
  -1.4230657e-09  -2.3891225e-09   3.4224545e-08
  -1.9585047e-08  -1.8573486e-07   2.1633372e-07
  -1.8354507e-08  -2.0346633e-07   2.2787320e-07
   1.7043497e-08   1.3640581e-09  -2.5747578e-08
   2.8092225e-08   2.2920668e-09  -4.4870513e-08
  -1.5289888e-09  -2.8687946e-09   2.4013263e-08
  -1.6344771e-09  -3.0706463e-09   2.6793005e-08
  -2.1812782e-09  -4.2471080e-09   3.1002861e-08
  -1.7908005e-09  -3.2942050e-09   2.8492781e-08
  -4.1730050e-09  -1.0832876e-08   4.0753671e-08
  -4.6271556e-09  -1.0942992e-08   4.2959366e-08
  -7.7080213e-10  -1.3433593e-09   1.3249151e-08
  -1.7870331e-10  -2.5105651e-10   2.4368313e-09
  -7.5591061e-10  -1.3499683e-09   1.3359304e-08
  -1.2932351e-09  -2.3329676e-09   2.3139956e-08
  -1.4620286e-09  -2.6486232e-09   2.5407613e-08
  -1.4972115e-09  -2.7064483e-09   2.6075552e-08
  -2.3273165e-07  -1.6587725e-08   2.5208803e-07
  -2.5584279e-07  -3.0814474e-08   2.8625173e-07
  -1.9400153e-09  -3.2141324e-09   4.6607850e-08
  -1.8157379e-09  -3.0231794e-09   4.3754062e-08
  -2.2834149e-08  -3.2411742e-07   3.5549721e-07
  -2.1472723e-08  -2.9760114e-07   3.2982055e-07
  -3.3837591e-09  -6.7556457e-09   4.1819780e-08
  -2.5255457e-09  -5.0013505e-09   3.3188790e-08
  -1.4867893e-08  -2.1358141e-07   2.3032999e-07
  -1.3117122e-08  -2.5474676e-07   2.6883468e-07
  -1.5369515e-09  -2.7757341e-09   2.7197505e-08
  -1.4401225e-09  -2.5864935e-09   2.5752030e-08
  -5.7147588e-09  -1.2992774e-08   5.3272359e-08
  -5.7788082e-09  -1.2964857e-08   5.4553974e-08
  -2.5958542e-09  -4.2515112e-09   6.2534880e-08
  -2.3586670e-09  -3.8430017e-09   5.6804915e-08
  -1.7962753e-09  -2.9470753e-09   4.1508094e-08
  -2.0419151e-09  -3.3733152e-09   4.8021479e-08
  -1.7813786e-09  -3.2268009e-09   3.1317131e-08
  -2.0362833e-09  -3.6878093e-09   3.3721783e-08
  -4.9269577e-09  -1.0201391e-08   5.2861760e-08
  -4.2135002e-09  -8.5696742e-09   4.8153090e-08
  -5.6424743e-09  -1.2242775e-08   5.4885362e-08
  -5.6905495e-09  -1.2096857e-08   5.7290703e-08
  -4.7914728e-09  -8.7896271e-09   3.4589527e-08
  -4.5635966e-09  -9.0605279e-09   3.5108220e-08
  -6.5239414e-09  -4.9608278e-09   6.4000440e-08
  -9.5492912e-09  -6.1502551e-09   6.6551954e-08
  -1.7089712e-09  -2.7842047e-09   3.8887769e-08
  -3.2088563e-10  -4.7468804e-10   7.1279378e-09
  -1.9249183e-09  -3.1280357e-09   4.4420501e-08
  -2.0201992e-09  -3.3090711e-09   4.5982417e-08
  -6.3470948e-09  -1.3958399e-08   4.4891560e-08
  -4.4798590e-09  -5.1609972e-09   3.0727904e-08
  -1.9596389e-09  -3.5576536e-09   3.0686955e-08
  -2.1280789e-09  -3.8531204e-09   3.4324169e-08
  -1.3478812e-08  -2.4946230e-07   2.7150117e-07
  -1.2890643e-08  -2.2372007e-07   2.4356128e-07
  -2.5080122e-09  -4.5728245e-09   3.8819331e-08
  -3.1717885e-09  -5.8557692e-09   4.4055291e-08
  -2.4368546e-09  -3.9411163e-09   5.5576112e-08
  -2.1531347e-09  -3.4809174e-09   5.0085170e-08
  -1.4087685e-08  -2.0557704e-07   2.2508017e-07
  -1.7685234e-08  -1.7405413e-07   2.0084831e-07
  -7.1295856e-09  -5.8923850e-09   6.4612496e-08
  -7.9057547e-09  -7.0291696e-09   7.1660983e-08
  -4.8477778e-09  -9.4235903e-09   3.3590425e-08
  -7.0801104e-09  -1.5342284e-08   4.9645967e-08
  -6.3393676e-09  -1.5065172e-08   4.4440650e-08
  -4.7344650e-09  -9.9978616e-09   3.3299284e-08
  -3.2113222e-07  -2.3412229e-08   3.4635682e-07
  -2.8660899e-07  -2.8169767e-08   3.1869597e-07
  -2.1776180e-09  -3.5251521e-09   4.8197803e-08
  -2.4290811e-09  -3.9133940e-09   5.4850818e-08
  -7.1037906e-09  -1.7385923e-08   5.0165480e-08
  -7.8866041e-09  -1.9437192e-08   5.6347974e-08
  -3.6862255e-09  -6.8036205e-09   5.0589214e-08
  -4.2388896e-09  -7.7637097e-09   5.9152427e-08
  -6.8252111e-09  -1.6560863e-08   5.0585663e-08
  -6.4626902e-09  -1.5678859e-08   4.6641891e-08
  -3.4685918e-07  -2.2761442e-08   3.7663721e-07
  -3.3424081e-07  -1.9353725e-08   3.5794933e-07
  -7.3827850e-10  -1.2081819e-09   1.6399395e-08
  -1.5862157e-09  -2.5862851e-09   3.4435700e-08
  -1.4759581e-09  -2.4124480e-09   3.1962107e-08
  -1.0125154e-09  -1.6522314e-09   2.1983787e-08
  -2.1133443e-08  -1.7540464e-07   2.0848617e-07
  -2.4822964e-08  -2.2433853e-07   2.6326231e-07
  -1.2893275e-08  -8.8468656e-08   1.1088528e-07
  -6.8037849e-09  -3.3891298e-08   5.1400347e-08
  -7.1120759e-09  -3.7592081e-08   5.3505587e-08
  -8.8881988e-09  -5.0873341e-08   7.1578147e-08
   1.9699853e-08   8.6975225e-10  -1.8694249e-08
  -7.9750199e-08  -1.2721676e-08   9.9478296e-08
  -1.0231461e-07  -1.4803233e-08   1.2370060e-07
  -7.2515509e-09  -4.5235675e-09   1.6956326e-08
  -8.9494314e-09  -6.4227791e-09   6.1650496e-08
  -3.9190771e-09  -5.0924194e-09   3.0272967e-08
  -4.4620460e-09  -4.0737169e-09   2.0209500e-08
  -9.7505597e-09  -6.5514380e-09   3.7579683e-08
  -2.3084172e-09  -3.7148605e-09   5.0636626e-08
  -2.0917274e-09  -3.3855162e-09   4.5498086e-08
  -3.3806258e-09  -6.1020421e-09   4.9403889e-08
  -1.7224626e-09  -3.0560109e-09   2.6892452e-08
  -8.9551276e-10  -1.5909239e-09   1.4290006e-08
  -1.5455735e-09  -2.7525563e-09   2.3898152e-08
  -4.8380963e-09  -2.9401552e-09   1.2143343e-08
  -1.8645596e-08  -7.2236878e-09   3.6063371e-08
  -1.0612090e-08  -5.3340445e-09   2.4809746e-08
  -3.8292475e-09  -2.1773272e-09   8.8027940e-09
  -2.0559032e-09  -3.6534700e-09   3.1700587e-08
  -1.9845707e-09  -3.5055194e-09   3.1114664e-08
  -3.0670579e-09  -4.9330751e-09   6.7722991e-08
  -2.8312899e-09  -4.5409713e-09   6.2524750e-08
  -2.2918910e-09  -4.0569834e-09   3.5359344e-08
  -2.3701002e-09  -4.1831078e-09   3.6411791e-08
  -2.1366929e-09  -3.3875642e-09   4.7308693e-08
  -2.4748056e-09  -3.9560698e-09   5.4071354e-08
  -7.8507306e-09  -1.8955561e-08   5.7975332e-08
  -7.6467958e-09  -1.8571091e-08   5.6720899e-08
  -8.7135677e-09  -5.6875941e-08   7.6967156e-08
  -9.2255407e-09  -6.6383643e-08   8.6831776e-08
  -6.8396566e-09  -1.7515485e-08   5.1070506e-08
  -7.3398669e-09  -1.7403878e-08   5.4300084e-08
  -1.1021220e-07  -1.1746242e-08   1.2844341e-07
  -1.5789243e-07  -1.7071189e-08   1.8359332e-07
  -8.0528012e-09  -2.5256443e-09   1.2584221e-08
  -7.6871598e-09  -2.6708566e-09   1.2981075e-08
  -4.6014666e-09  -3.2241206e-09   1.9687248e-08
  -3.7597413e-09  -2.5645322e-09   1.5178072e-08
  -7.8640553e-09  -3.6631473e-09   1.8407180e-08
  -9.8269360e-09  -4.7427817e-09   2.3396082e-08
  -1.1183718e-08  -3.7867025e-09   1.9860996e-08
  -1.6759497e-08  -6.4193297e-09   3.2693997e-08
  -5.7094786e-09  -3.8409039e-09   2.2863577e-08
  -9.4436001e-09  -6.5424339e-09   3.9645169e-08
  -2.7088874e-09  -4.2755632e-09   6.0023546e-08
  -2.1537510e-09  -3.4117461e-09   4.7407250e-08
  -2.1944748e-09  -3.8999910e-09   3.3079860e-08
  -3.1064855e-09  -5.5269118e-09   4.5981731e-08
  -8.8526609e-09  -7.7706069e-08   9.7083493e-08
  -1.0973259e-08  -1.0791934e-07   1.3190243e-07
  -1.0707447e-08  -7.5722715e-09   4.9282838e-08
  -1.1571045e-08  -8.2428614e-09   5.6018817e-08
  -1.4422652e-08  -6.0300378e-09   2.9918657e-08
  -1.1853998e-08  -5.3076966e-09   2.6631799e-08
  -1.1168729e-07  -1.1550328e-08   1.3101619e-07
  -6.8759281e-08  -7.8010324e-09   8.3087993e-08
  -9.9372717e-09  -4.5794028e-09   2.3677423e-08
  -7.8752439e-09  -3.6966417e-09   1.9748853e-08
  -1.7115031e-07  -8.2475128e-09   1.8417912e-07
  -1.4411852e-07  -1.1749726e-08   1.6286832e-07
  -6.6047651e-09  -3.1221555e-09   1.6391038e-08
  -9.0914599e-09  -4.3710320e-09   2.2339317e-08
  -6.7826555e-09  -1.7784695e-08   5.0997342e-08
  -6.8342596e-09  -1.7878799e-08   5.0675663e-08
  -3.1998082e-09  -5.7515898e-09   4.5085142e-08
  -3.4064104e-09  -6.1221919e-09   4.7601087e-08
  -2.5749468e-09  -4.0198381e-09   5.6584155e-08
  -2.7064648e-09  -4.2421409e-09   5.9859768e-08
  -8.8295460e-09  -1.2702995e-07   1.4531570e-07
  -9.6695876e-09  -1.3175757e-07   1.5180605e-07
  -1.0191967e-08  -7.2108716e-09   5.1589036e-08
  -1.0811166e-08  -7.5100346e-09   5.5364144e-08
  -7.2568750e-09  -3.3023617e-09   1.6987370e-08
  -9.6496735e-09  -4.3298569e-09   2.3582775e-08
  -1.1346483e-07  -5.1904800e-09   1.2283192e-07
  -1.6809449e-07  -9.4987361e-09   1.8490056e-07
  -5.0291092e-09  -2.4307505e-09   1.2958602e-08
  -9.0254965e-09  -4.3220178e-09   2.3734261e-08
  -4.7615924e-09  -1.2231717e-08   3.5572612e-08
  -8.0681681e-09  -2.1748127e-08   5.9115579e-08
  -3.1584491e-09  -5.7061370e-09   4.3204098e-08
  -2.5044754e-09  -4.4690645e-09   3.5528712e-08
  -1.8287261e-09  -2.8703391e-09   3.9367130e-08
  -2.8354595e-09  -4.4651890e-09   5.9952551e-08
  -8.5021289e-09  -1.1813456e-07   1.3633408e-07
  -8.3807002e-09  -7.9448923e-08   9.9352407e-08
  -9.5977988e-09  -6.5800944e-09   4.9750171e-08
  -8.0594620e-09  -5.3579172e-09   3.9584479e-08
  -8.6214427e-09  -4.0346392e-09   2.2264641e-08
  -1.0448131e-08  -4.7652459e-09   2.5718703e-08
  -1.3382975e-07  -9.5385646e-09   1.5086989e-07
  -1.1536413e-07  -8.8070135e-09   1.3220135e-07
  -1.0281038e-08  -4.6969342e-09   2.6719625e-08
  -8.9227771e-09  -4.3082136e-09   2.4582962e-08
  -7.4029187e-09  -2.0918312e-08   5.3245582e-08
  -6.2982338e-09  -1.5342729e-08   4.4489802e-08
  -2.2721291e-09  -4.1148490e-09   3.0458243e-08
  -3.5699189e-09  -6.3530067e-09   5.0547795e-08
  -1.6898399e-09  -3.3743984e-09   1.2682247e-08
  -2.1905329e-08  -7.9124607e-09   4.6440702e-08
  -6.6102106e-09  -4.5642758e-09   3.4798564e-08
  -1.1265297e-08  -7.1121088e-09   5.3203864e-08
  -7.1668979e-09  -7.6524619e-08   9.1729973e-08
  -1.3460820e-08  -9.5254533e-08   1.2524023e-07
  -2.5791040e-09  -4.0907876e-09   5.1771212e-08
  -2.3540876e-09  -3.7426899e-09   4.7683100e-08
  -1.2019937e-08  -3.7054040e-08   8.7317906e-08
  -1.6437589e-08  -4.9280323e-08   1.1346996e-07
  -4.8913579e-09  -8.7628405e-09   6.8803140e-08
  -6.3449006e-09  -1.1189728e-08   9.2120277e-08
  -1.6773441e-08  -7.5477582e-09   4.6740374e-08
  -2.3234012e-08  -1.0794569e-08   6.6119598e-08
  -1.5583020e-07  -1.5270368e-08   1.8553563e-07
  -1.6334943e-07  -2.2127676e-08   2.0876947e-07
  -1.5658190e-08  -9.8517482e-08   1.3536795e-07
  -2.0514152e-08  -9.5381968e-08   1.4828650e-07
  -3.6363313e-09  -6.0066044e-09   6.5324317e-08
  -4.5423577e-09  -7.4108799e-09   8.3609141e-08
  -1.4548229e-08  -5.9684446e-08   1.0634523e-07
  -1.7681420e-08  -6.1060495e-08   1.1998015e-07
  -1.4089917e-08  -8.4057808e-09   6.3376183e-08
  -1.9936186e-08  -1.1402184e-08   8.1225328e-08
  -4.4734588e-09  -7.8353027e-09   6.7327222e-08
  -5.7830649e-09  -9.9148823e-09   9.1205419e-08
  -3.7794678e-08  -1.0786474e-08   6.9345803e-08
  -5.9617481e-08  -1.7407903e-08   1.0685246e-07
  -1.6893491e-08  -8.5994024e-09   5.8484221e-08
  -2.2478982e-08  -1.1291213e-08   7.3186716e-08
  -8.7639517e-08  -1.4997237e-08   1.2244367e-07
  -1.1348151e-07  -2.1622826e-08   1.6069877e-07
  -2.9401878e-08   1.9504797e-07  -1.5071798e-07
  -3.7939922e-08   1.0536101e-07  -5.8655292e-08
  -3.3479489e-08   6.4316831e-08  -2.6516072e-08
   6.7420773e-08  -3.5963308e-08  -2.8078691e-08
   1.5802703e-07  -4.5181559e-08  -1.0174568e-07
   1.1044986e-07  -5.1896924e-08  -5.1310066e-08
  -1.2725907e-08   4.1034807e-08  -2.7183215e-08
  -1.4816929e-08   2.4581201e-08  -7.8165370e-09
   5.1533432e-08  -1.1816362e-08  -3.8477027e-08
  -6.2255395e-09   8.0135140e-08  -6.9040491e-08
  -6.8539843e-08   8.5427275e-08  -1.3032570e-08
   2.7557104e-08  -1.4231584e-08  -1.1957025e-08
   9.4360102e-08  -7.6396985e-08  -1.4479648e-08
  -2.3322297e-08   3.1099199e-08  -6.0335005e-09
  -8.8873304e-09   9.4391492e-08  -8.0029258e-08
   2.3933319e-10  -7.9453048e-09   6.2239392e-09
   3.3065557e-08  -1.6183516e-09  -2.9261899e-08
  -9.3777889e-09   7.2547083e-09   6.5982302e-10
   1.4135055e-08  -1.2461331e-09  -1.2001291e-08
  -8.9889475e-08   1.1478021e-07  -2.0434714e-08
   1.0619868e-08  -1.5905919e-08   3.6469268e-09
  -4.3366929e-09   1.1020718e-08  -5.6422703e-09
  -1.5091954e-08   4.5295730e-08  -2.6668127e-08
   1.1679893e-07  -8.3326816e-09  -1.0515282e-07
   4.6292026e-08  -1.5131809e-08  -2.8463875e-08
  -1.5499814e-08   1.9327110e-09   1.2570801e-08
   1.1534568e-07  -8.8394236e-08  -2.1797255e-08
  -1.8883831e-08   1.0181505e-07  -7.4514484e-08
   4.0893887e-08  -2.5591134e-08  -1.3346054e-08
  -6.3699144e-09   4.2262704e-08  -3.1689614e-08
  -3.7333278e-08   8.1349312e-08  -3.7791927e-08
   9.0798569e-08  -3.7522673e-09  -8.3970857e-08
   1.4059070e-07  -9.0815493e-08  -4.3126370e-08
  -7.3247606e-08   1.4957899e-07  -6.5263722e-08
   9.3573347e-08  -4.2385276e-08  -4.4509905e-08
   1.3754018e-07  -2.1423887e-08  -1.0863565e-07
  -3.7066999e-08   2.0759491e-07  -1.5533887e-07
   1.3804950e-07  -4.9568796e-08  -8.0921935e-08
  -4.5935555e-08   1.8658738e-07  -1.3179010e-07
  -3.4745467e-08   1.8749950e-07  -1.4481997e-07
  -9.7669695e-08   1.4049680e-07  -3.6589611e-08
  -6.2178913e-08   2.1537666e-07  -1.5092064e-07
   2.0639832e-07  -8.2653846e-08  -1.1566784e-07
   2.0802415e-07  -1.0082547e-07  -9.8621637e-08
  -5.5721748e-08   1.4251166e-07  -7.6970831e-08
   2.0149303e-07  -7.1510777e-08  -1.2360575e-07
   1.9317727e-07  -7.2575742e-08  -1.1447916e-07
   1.9386502e-07  -9.9107870e-08  -8.7156570e-08
   7.6310526e-08  -2.5195682e-09  -6.3419192e-08
  -4.4573351e-09   6.7461412e-08  -5.6210291e-08
   2.1562552e-07  -1.1077901e-07  -9.6944492e-08
  -1.0697893e-07   1.9355486e-07  -7.8719822e-08
  -1.0428504e-07   1.3290541e-07  -1.8648167e-08
  -1.1456249e-07   2.1161580e-07  -8.7736628e-08
  -3.8509085e-08   1.1265741e-07  -6.5450536e-08
  -9.3813837e-08   1.9958817e-07  -9.4633107e-08
   4.6895901e-08  -1.3822397e-09  -3.6427758e-08
  -3.2808664e-09   3.9147655e-08  -3.0507883e-08
  -1.5638345e-09   7.8397564e-08  -7.0121772e-08
   8.8921899e-08  -6.9015891e-09  -7.3524014e-08
  -3.6715713e-09   6.8890910e-08  -5.9745498e-08
  -1.5422042e-09   9.8972413e-08  -9.0393969e-08
  -3.6046592e-08   1.1806724e-07  -7.3306639e-08
  -5.2458099e-08   1.2789591e-07  -6.8878572e-08
   7.3009336e-08  -5.5103230e-09  -5.9280451e-08
   1.4409453e-07  -7.5142271e-09  -1.2693595e-07
  -5.0499623e-08   1.8886202e-07  -1.3014350e-07
  -1.5709113e-09   1.6167358e-07  -1.5237183e-07
   1.1090320e-07  -5.7519607e-09  -9.9126797e-08
   6.6139706e-08  -4.7514319e-09  -5.3955210e-08
   1.1491532e-07  -2.8766749e-09  -1.0350182e-07
  -1.7928436e-08   1.7506374e-07  -1.5153312e-07
   7.9433139e-08  -1.3568122e-09  -6.4631193e-08
  -9.0599992e-09   1.1597570e-07  -9.9853095e-08
  -2.5374678e-08   1.3567491e-07  -1.0241295e-07
  -1.2835690e-08   1.1913175e-07  -9.8357760e-08
  -1.5821755e-09   4.6342145e-08  -3.9466362e-08
  -7.5900321e-09   4.4041606e-08  -3.0347671e-08
   1.6637800e-07  -7.1479360e-09  -1.4974003e-07
  -1.2220245e-09   7.2159144e-08  -6.4601067e-08
   4.6642773e-08  -2.2266095e-09  -3.7238595e-08
   9.5799560e-08  -1.2871115e-09  -8.0574537e-08
   7.8321935e-08  -7.8628535e-10  -6.5217300e-08
  -9.3762777e-09   5.9476546e-08  -4.4008505e-08
   1.6280103e-07  -1.4638613e-09  -1.4434730e-07
  -2.0469392e-08   1.1371605e-07  -7.9720256e-08
  -5.2651904e-09   6.3059234e-08  -5.1715333e-08
  -2.0042043e-09   7.9409100e-08  -7.1464921e-08
   8.1896651e-08  -1.5496863e-09  -7.0950889e-08
  -9.0211432e-09   2.3452094e-07  -2.1937543e-07
  -7.7495142e-08   3.8944814e-07  -2.6040287e-07
  -6.6566948e-08   2.3786512e-07  -1.4079410e-07
  -5.1885479e-08   1.5745870e-07  -8.6839944e-08
   1.7013467e-07  -6.2853449e-08  -8.8849973e-08
   3.2875594e-07  -8.6637434e-08  -2.0314588e-07
   2.3834286e-07  -8.2559997e-08  -1.2930364e-07
  -3.3903499e-08   1.3360590e-07  -8.5294258e-08
  -3.3112935e-08   9.7488645e-08  -5.3233347e-08
   1.4032191e-07  -3.9972159e-08  -8.7486507e-08
  -2.2062921e-08   1.3692279e-07  -1.0153767e-07
  -8.0917256e-08   1.4963204e-07  -5.5773452e-08
   1.0310369e-07  -3.7085811e-08  -5.5593334e-08
   1.5074458e-07  -8.5910141e-08  -5.3289115e-08
  -3.9280621e-08   8.9864933e-08  -4.2295811e-08
  -2.0692355e-08   1.4118577e-07  -1.0817664e-07
  -2.4549954e-08   7.5793475e-08  -4.1276532e-08
   9.5633785e-08  -2.1004291e-08  -6.5597241e-08
   7.9141994e-08  -2.5493538e-08  -4.5344051e-08
   8.5124840e-08  -2.4987881e-08  -5.1785541e-08
  -9.6077639e-08   1.5772351e-07  -5.0352079e-08
  -2.2434766e-08   7.5143875e-08  -4.3512395e-08
  -2.3012154e-08   7.8745254e-08  -4.6732185e-08
  -2.4196641e-08   8.0652140e-08  -4.8301125e-08
   1.6099767e-07  -2.2903035e-08  -1.2788444e-07
   8.3798471e-08  -2.6677260e-08  -4.9628463e-08
   8.0025575e-08  -2.7411343e-08  -4.3427800e-08
   1.6369193e-07  -1.0116608e-07  -5.1004783e-08
  -2.2104611e-08   1.2121963e-07  -8.7538723e-08
   9.5373709e-08  -4.4242596e-08  -4.4282690e-08
  -1.9758923e-08   9.2492885e-08  -6.3444511e-08
  -3.5437044e-08   9.2074411e-08  -4.7658606e-08
   1.5947603e-07  -2.5171111e-08  -1.2121414e-07
   1.6628488e-07  -9.9317822e-08  -5.6927975e-08
  -7.0510559e-08   1.5092472e-07  -6.8233683e-08
   1.0593928e-07  -4.6702460e-08  -5.0495978e-08
   1.4568016e-07  -2.7020381e-08  -1.0853201e-07
  -3.8088731e-08   2.3971097e-07  -1.8233875e-07
   1.5567287e-07  -4.7455375e-08  -9.6517767e-08
  -4.5382098e-08   1.7715179e-07  -1.2343557e-07
  -3.5977179e-08   1.9249303e-07  -1.4713185e-07
  -8.9562761e-08   1.5167076e-07  -5.2168864e-08
  -6.0957925e-08   2.4568154e-07  -1.7638922e-07
   2.0445274e-07  -7.8490900e-08  -1.1641236e-07
   2.0777454e-07  -9.8407828e-08  -1.0056538e-07
  -5.7921688e-08   1.4030883e-07  -7.3902705e-08
   2.0158829e-07  -7.3026360e-08  -1.2232206e-07
   1.9213339e-07  -6.9443551e-08  -1.1594524e-07
   1.9355035e-07  -9.9480541e-08  -8.6004137e-08
   7.6502520e-08  -2.4848880e-09  -6.3531177e-08
  -4.5060675e-09   6.7031109e-08  -5.5743204e-08
   2.2967269e-07  -1.4051073e-07  -8.4403764e-08
  -9.7216801e-08   1.8324724e-07  -7.8596873e-08
  -1.0324159e-07   1.3483061e-07  -1.9948535e-08
  -1.1127965e-07   2.0835926e-07  -8.7837537e-08
  -3.8248722e-08   1.1248690e-07  -6.5565344e-08
  -9.0965698e-08   2.0038192e-07  -9.8661915e-08
   4.6892393e-08  -1.3818007e-09  -3.6404294e-08
  -3.2721968e-09   3.9083567e-08  -3.0426641e-08
  -1.5556501e-09   7.7782552e-08  -6.9525581e-08
   9.9365427e-08  -7.4728041e-09  -8.2183009e-08
  -3.6533105e-09   6.8767971e-08  -5.9635275e-08
  -1.5345730e-09   9.8183933e-08  -8.9687336e-08
  -3.6006130e-08   1.1850544e-07  -7.4221421e-08
  -4.9971386e-08   1.2734521e-07  -7.0239712e-08
   7.3323331e-08  -5.3892030e-09  -5.9945044e-08
   1.3780225e-07  -1.3238499e-08  -1.1749994e-07
  -4.6218894e-08   1.9471368e-07  -1.3994595e-07
  -1.5578874e-09   1.6523776e-07  -1.5569493e-07
   1.1192684e-07  -5.8127895e-09  -9.9996016e-08
   6.6010031e-08  -4.7745963e-09  -5.3829733e-08
   1.2705018e-07  -1.6632377e-09  -1.1483800e-07
  -1.6007837e-08   1.7292430e-07  -1.5163340e-07
   8.0544611e-08  -1.3519676e-09  -6.5677730e-08
  -8.9494175e-09   1.0262770e-07  -8.7617199e-08
  -2.5267057e-08   1.3557948e-07  -1.0235788e-07
  -1.3238415e-08   1.1925217e-07  -9.7634719e-08
  -1.5721783e-09   4.6318842e-08  -3.9422662e-08
  -7.5706328e-09   4.4041689e-08  -3.0318161e-08
   1.6762250e-07  -7.2706278e-09  -1.5104981e-07
  -1.2090739e-09   7.3062802e-08  -6.5384159e-08
   4.6655223e-08  -2.2341495e-09  -3.7223460e-08
   9.6546320e-08  -1.2823862e-09  -8.1236819e-08
   7.7597086e-08  -7.8873651e-10  -6.4554209e-08
  -9.2210677e-09   5.9105536e-08  -4.3709024e-08
   1.5935377e-07  -1.4602543e-09  -1.4116077e-07
  -1.9281772e-08   1.0952697e-07  -7.7756509e-08
  -5.2498455e-09   6.3181490e-08  -5.1782210e-08
  -1.9755235e-09   7.9476855e-08  -7.1514361e-08
   8.1954600e-08  -1.5765506e-09  -7.0990318e-08
  -8.9420211e-09   2.4070170e-07  -2.2501024e-07
  -1.3174056e-09   1.7596293e-07  -1.6624976e-07
  -1.8056610e-09   2.0076256e-07  -1.9015038e-07
  -2.8296402e-09   1.9796777e-07  -1.8632047e-07
  -4.3859160e-09   1.6546158e-07  -1.5325953e-07
  -1.6934667e-09   2.0882634e-07  -1.9898018e-07
  -1.4571040e-09   1.8469610e-07  -1.7665326e-07
  -3.9381913e-09   1.7332525e-07  -1.6266603e-07
  -4.3116721e-09   2.0284547e-07  -1.9093833e-07
  -1.2895196e-09   2.4755841e-07  -2.3798975e-07
  -1.4047672e-09   2.0042146e-07  -1.9103879e-07
  -3.7515419e-09   2.0214507e-07  -1.9205734e-07
  -4.1117949e-09   1.9433257e-07  -1.8399212e-07
  -4.1351533e-09   1.4376953e-07  -1.3284076e-07
  -1.4828701e-09   3.2779056e-08  -2.8500917e-08
  -1.2733441e-09   3.0803414e-07  -2.9942937e-07
  -1.1313246e-09   2.9048632e-07  -2.8196249e-07
  -3.9358292e-09   1.4232196e-07  -1.3535869e-07
  -5.2478886e-09   2.5202685e-07  -2.4203359e-07
  -6.5210076e-09   2.6662840e-07  -2.5540378e-07
  -1.8101722e-08   2.7882474e-07  -2.5469460e-07
  -1.2788622e-08   6.6950344e-08  -4.7588444e-08
  -9.6157728e-09   4.6330578e-08  -3.0790712e-08
  -2.5708574e-09   1.3989103e-08  -9.3703035e-09
  -9.8120793e-09   5.4351999e-08  -3.8365311e-08
  -1.4014552e-08   6.2572683e-08  -4.1437045e-08
  -1.3281408e-08   6.0667600e-08  -4.0239967e-08
  -6.1174609e-08   2.8696300e-07  -2.1966304e-07
  -8.9248169e-08   2.4544300e-07  -1.4943327e-07
  -1.4446978e-08   7.1597290e-08  -4.8654180e-08
  -1.6684619e-08   7.9755216e-08  -5.2824427e-08
  -2.2790866e-09   2.2398673e-07  -2.1424642e-07
  -1.8322246e-09   2.8763787e-07  -2.7834281e-07
  -1.4476163e-08   6.1218569e-08  -4.0883273e-08
  -1.1632790e-08   5.2281124e-08  -3.5600091e-08
  -1.7364814e-08   5.8202810e-08  -3.7188509e-08
  -1.6391762e-08   6.1570033e-08  -4.0211462e-08
  -1.5515796e-07   2.7449523e-07  -1.1015471e-07
  -1.6132498e-07   2.7980581e-07  -1.0806414e-07
  -2.4135197e-09   1.8069952e-07  -1.7083014e-07
  -2.7592307e-09   2.0385875e-07  -1.9204079e-07
  -1.7929640e-08   9.3754735e-08  -6.4527572e-08
  -1.5914384e-08   8.1657120e-08  -5.5379784e-08
  -5.9135994e-09   1.8054221e-07  -1.6550327e-07
  -1.3331234e-09   1.7857951e-07  -1.6904562e-07
  -1.6360375e-08   7.7563298e-08  -4.9842983e-08
  -1.3926808e-08   1.2504690e-07  -9.8522623e-08
  -1.0434079e-08   8.4651827e-08  -6.7226990e-08
  -1.8893645e-08   7.4364134e-08  -5.0538877e-08
  -1.8370453e-07   2.8035732e-07  -8.6827121e-08
  -1.6714198e-07   2.5382406e-07  -7.8803627e-08
  -1.8519193e-07   2.4103845e-07  -5.2535750e-08
  -2.2935164e-07   2.8666411e-07  -5.4809592e-08
  -1.6010011e-08   2.6764311e-07  -2.4261823e-07
  -1.7522075e-08   2.8731821e-08  -4.5340854e-09
  -2.3465391e-07   2.5232625e-07  -8.2012681e-09
  -2.4606459e-07   3.1465964e-07  -6.9057503e-08
  -1.0822007e-08   2.5598499e-07  -2.3938069e-07
  -2.7035134e-09   2.1888063e-07  -2.1265396e-07
  -1.2397692e-07   1.6005559e-07  -2.6566493e-08
  -1.1271710e-07   1.6546376e-07  -4.2660105e-08
  -1.6325097e-08   1.3895469e-07  -1.1251886e-07
  -1.6865668e-08   2.0179449e-07  -1.7634033e-07
  -1.2725940e-07   1.9276628e-07  -5.9431578e-08
  -1.2888322e-07   1.7804975e-07  -4.0603724e-08
  -6.3621202e-09   6.9232390e-08  -5.6292111e-08
   9.8192294e-09  -1.4844048e-08   5.2912483e-09
  -1.6280662e-08   1.7707293e-07  -1.4946269e-07
  -1.6420246e-08   1.5232989e-07  -1.2418366e-07
  -1.2069442e-07   1.4573423e-07  -2.1303948e-08
  -1.8004693e-07   2.2043827e-07  -3.3975687e-08
  -9.8786988e-09   1.6949296e-07  -1.5034831e-07
  -1.3559719e-08   1.7863928e-07  -1.5322864e-07
  -1.9350812e-07   2.2194992e-07  -2.3484668e-08
  -1.7540987e-07   2.1334052e-07  -3.0693808e-08
  -6.8907847e-09   1.1009852e-07  -9.7074203e-08
  -1.3023460e-08   1.7498900e-07  -1.5079435e-07
  -1.3982385e-07   1.7500789e-07  -2.8372855e-08
  -9.0988437e-08   1.3203041e-07  -3.3262478e-08
  -9.4500657e-09   1.4360553e-07  -1.2225142e-07
  -1.2660688e-08   1.3165096e-07  -1.0880870e-07
  -8.7871104e-08   1.1650442e-07  -2.1202302e-08
  -8.9989761e-08   1.5830655e-07  -5.4858870e-08
  -2.3600889e-08   1.9500009e-07  -1.5501011e-07
  -3.2122155e-08   2.3994411e-07  -1.8423122e-07
  -9.3010906e-08   1.8656137e-07  -7.6182125e-08
  -8.9469426e-08   2.2836663e-07  -1.1278364e-07
  -5.3624627e-08   1.8749151e-07  -1.1494481e-07
  -5.1855374e-08   2.3013573e-07  -1.5077038e-07
   1.8278046e-07  -4.6730429e-09  -1.6830970e-07
   2.0032865e-07  -2.9599883e-09  -1.8598206e-07
   2.0135634e-07  -1.8381392e-09  -1.8544045e-07
   1.7904700e-07  -9.5019613e-10  -1.6113043e-07
   1.8175682e-07  -4.8584049e-09  -1.6729409e-07
   2.2122772e-07  -5.9362947e-09  -2.0404510e-07
   1.8948048e-07  -1.3694155e-09  -1.7350866e-07
   2.0427677e-07  -1.6258624e-09  -1.8656904e-07
   1.9098000e-07  -1.3957348e-09  -1.7384864e-07
   2.3935061e-07  -1.3197245e-09  -2.2102370e-07
   2.0257092e-07  -5.4168292e-09  -1.8853337e-07
   1.6936680e-07  -4.1565395e-09  -1.5617723e-07
   2.8749886e-07  -1.1006703e-09  -2.7109781e-07
   3.0241911e-07  -1.2098885e-09  -2.8482222e-07
   1.1797542e-07  -4.7760667e-09  -1.0904195e-07
   2.1168763e-07  -6.6225691e-09  -1.9700083e-07
   1.8747535e-07   7.6180091e-09  -1.8774046e-07
   1.0511227e-07  -2.7697181e-09  -9.9037591e-08
   2.8715841e-07  -2.5139462e-07  -3.6810572e-08
   1.5428285e-07  -4.0486114e-08  -1.0338102e-07
   2.7328069e-07  -1.7468867e-09  -2.5150564e-07
   2.0835858e-07  -1.9806379e-09  -1.8653849e-07
   2.3758190e-09   3.9591942e-10   1.5995432e-09
  -2.1802362e-08   1.5964100e-09   2.5126242e-08
   1.2522480e-07  -7.3875901e-09  -1.0766775e-07
   8.1481632e-08  -5.0708351e-09  -6.9536841e-08
   1.8454883e-07  -5.6567822e-09  -1.7182254e-07
   2.7121523e-07  -2.8359181e-08  -2.3399766e-07
   1.9151714e-07  -2.2802432e-09  -1.6774166e-07
   1.7936924e-07  -2.0636629e-09  -1.5723291e-07
   1.8623986e-07  -4.3388905e-09  -1.6694830e-07
   1.4896229e-07  -7.4367715e-09  -1.3145679e-07
   1.6433225e-07  -1.8545017e-09  -1.4009290e-07
   1.8304351e-07  -2.8017230e-09  -1.5920868e-07
   2.8728127e-07  -2.6356143e-07  -1.8220258e-08
   2.7976410e-07  -2.4138764e-07  -3.3865834e-08
   2.2625845e-07  -2.1315846e-09  -2.2080332e-07
   2.3629295e-07  -2.2775538e-08  -2.0893065e-07
   2.7785275e-07  -2.3581850e-07  -4.1560420e-08
   2.8204394e-07  -2.5978347e-07  -2.0801223e-08
   2.4074835e-07  -2.1810393e-08  -2.1034866e-07
   2.4133810e-07  -1.6856128e-09  -2.2996692e-07
   1.6495184e-07  -1.2546941e-07  -3.0595244e-08
   2.1209896e-07  -1.4820679e-07  -6.0342043e-08
   2.7913373e-07  -1.2663207e-08  -2.5746126e-07
   1.6255845e-07  -2.0636882e-08  -1.3362443e-07
   2.2275287e-07  -1.7657957e-07  -3.9833406e-08
   1.7715446e-07  -1.3602870e-07  -3.4030222e-08
   1.2256019e-07  -1.5672769e-08  -1.0217555e-07
   2.0207793e-07  -1.6940439e-08  -1.7673263e-07
   2.2076429e-07  -1.9347438e-07  -2.2506084e-08
   2.3076670e-07  -1.9222700e-07  -3.2287292e-08
   2.1734207e-07  -9.6271979e-09  -2.0127632e-07
   2.1602282e-07  -9.9055823e-09  -1.9799927e-07
   1.2998380e-07  -1.0794141e-07  -1.7323395e-08
   2.0876431e-07  -1.6641568e-07  -3.4525398e-08
   1.8662688e-07  -8.0881346e-09  -1.7220585e-07
   1.4181743e-07  -1.1761417e-08  -1.2301127e-07
   1.5057000e-07  -1.0570477e-07  -3.5618657e-08
   1.4061085e-07  -1.0487598e-07  -2.8060856e-08
   1.2981848e-07  -8.0823213e-09  -1.1522753e-07
   1.7738435e-07  -1.5437909e-08  -1.4882007e-07
   2.1450849e-07  -1.2979069e-07  -7.0190964e-08
   2.6320321e-07  -1.3677679e-07  -1.0280207e-07
   1.9521263e-07  -2.4956263e-08  -1.5626087e-07
   2.3324844e-07  -4.7306242e-08  -1.6227508e-07
   1.9952111e-07  -7.6564821e-08  -1.0551532e-07
   2.4536913e-07  -1.0010153e-07  -1.2013476e-07
  -2.6631399e-08   3.1713727e-07  -2.2769039e-07
  -4.3903389e-08   4.1801507e-07  -2.8272202e-07
  -3.3371491e-08   2.5464262e-07  -1.8460751e-07
  -2.4363134e-08   2.7718019e-07  -2.0836528e-07
  -2.6605281e-08   1.5107810e-07  -1.0921302e-07
  -1.1601086e-08   2.4045101e-07  -1.9445199e-07
  -1.5696601e-09   1.5997888e-08  -1.2506023e-08
  -1.0993730e-08   7.1449551e-08  -5.3633389e-08
  -2.3097139e-08   1.5055501e-07  -1.1542552e-07
  -1.0569075e-08   8.4491091e-08  -6.6637158e-08
  -5.9639359e-08   3.0166935e-07  -1.5882122e-07
  -7.7395489e-08   3.7774628e-07  -2.0124342e-07
  -7.9890179e-08   2.4345927e-07  -1.2577438e-07
  -5.9654906e-08   2.3504642e-07  -1.2071051e-07
  -1.0140542e-07   1.8597172e-07  -6.6449668e-08
  -5.1171082e-08   2.0263862e-07  -1.0256401e-07
  -1.5631835e-08   2.1862655e-08  -5.0625410e-09
  -5.5462023e-08   8.8473718e-08  -2.6908823e-08
  -8.2619752e-08   1.2964810e-07  -4.2908802e-08
  -6.8373231e-08   1.0124335e-07  -2.6248679e-08
  -2.8570823e-08   8.7244494e-08  -5.0696335e-08
  -9.9054083e-09   2.3459822e-08  -1.0968875e-08
  -7.7780491e-08   2.5437058e-07  -1.4856777e-07
  -6.7155694e-08   1.6068512e-07  -8.0934383e-08
   2.0961934e-09  -1.0602739e-08   8.5221507e-09
   2.3027142e-09  -2.5749231e-09  -5.3404802e-11
  -4.5230040e-08   2.3262264e-07  -1.5290622e-07
  -6.7805323e-08   1.7152868e-07  -8.7880966e-08
  -3.1038405e-09   1.0086112e-08  -6.3260538e-09
  -2.0345371e-08   3.2851032e-08  -1.0389865e-08
  -5.8956753e-09   2.4172217e-08  -1.4386761e-08
  -1.1709446e-08  -4.6679817e-09   2.0329315e-08
  -3.7895113e-08   1.3145046e-07  -8.4956266e-08
  -6.3765026e-08   2.6233836e-07  -1.5738960e-07
  -2.3927560e-08   1.6249679e-07  -1.1871912e-07
  -4.7597138e-08   2.2915447e-07  -1.3701367e-07
  -3.3331216e-08   2.7281389e-07  -1.8238480e-07
  -3.4513938e-08   2.4632412e-07  -1.5123616e-07
  -3.8677716e-08   2.6101709e-07  -1.6714599e-07
  -6.6995533e-08   3.6635769e-07  -2.1150592e-07
  -6.7057837e-08   4.9314145e-07  -3.0370173e-07
  -7.6598091e-08   4.9973652e-07  -2.8783487e-07
  -4.9503223e-08   4.2086927e-07  -2.6287776e-07
  -4.6578937e-08   3.2923169e-07  -1.9362441e-07
   2.9360068e-07  -7.5608746e-08  -1.4564966e-07
   3.9869715e-07  -9.6355812e-08  -2.0676418e-07
   2.4451477e-07  -8.3683925e-08  -1.2815865e-07
   2.5020302e-07  -7.5908808e-08  -1.2247842e-07
   1.7053338e-07  -8.7197222e-08  -6.9193212e-08
   2.0532038e-07  -7.2769011e-08  -8.9343310e-08
   1.8581400e-08  -1.2687929e-08  -5.1662946e-09
   8.1767343e-08  -5.1258033e-08  -2.5480985e-08
   1.5604387e-07  -1.0022166e-07  -4.7657445e-08
   9.8650106e-08  -6.4124052e-08  -2.8175786e-08
   3.2654151e-07  -3.8026350e-08  -2.1859258e-07
   4.0869281e-07  -5.0342542e-08  -2.7460391e-07
   2.6934209e-07  -2.9546900e-08  -2.0554599e-07
   2.7042927e-07  -2.7422079e-08  -2.0242352e-07
   1.8976089e-07  -2.6061591e-08  -1.4711841e-07
   2.3579978e-07  -2.1855587e-08  -1.7543567e-07
   2.2393656e-08  -1.3147921e-09  -1.8789026e-08
   9.1506201e-08  -1.3493480e-08  -7.1775688e-08
   1.4498547e-07  -2.3286867e-08  -1.1505615e-07
   1.0360014e-07  -1.0974843e-08  -8.7668335e-08
   9.4745640e-08  -3.9633563e-08  -4.7968642e-08
   2.5138668e-08  -7.7299116e-09  -1.4859062e-08
   2.7129823e-07  -9.0738040e-08  -1.5417347e-07
   1.7056493e-07  -5.0607998e-08  -1.0834972e-07
  -1.2612451e-08   6.5665227e-09   5.7011073e-09
  -2.6212940e-09  -3.0679741e-10   3.4599084e-09
   2.3620141e-07  -5.9600182e-08  -1.4404454e-07
   1.8343245e-07  -6.2418674e-08  -1.0701053e-07
   1.0848072e-08  -6.0272506e-09  -4.6290527e-09
   3.5003609e-08  -6.8931791e-09  -2.6342478e-08
   2.9228839e-08  -1.4685668e-08  -1.1435744e-08
  -5.4638101e-09   2.1302898e-08  -1.3378796e-08
   1.3731140e-07  -6.2650510e-08  -6.6371747e-08
   2.7351218e-07  -5.1935991e-08  -1.8642459e-07
   1.6176172e-07  -4.1503911e-08  -9.9307340e-08
   2.4478951e-07  -4.2784558e-08  -1.6596418e-07
   2.6317591e-07  -5.6716163e-08  -1.4524963e-07
   2.4804592e-07  -4.5776669e-08  -1.4567215e-07
   2.6119334e-07  -5.5154065e-08  -1.5287741e-07
   3.8302322e-07  -6.2928440e-08  -2.4243994e-07
   4.9267499e-07  -9.4885173e-08  -2.7846758e-07
   5.1173878e-07  -8.1462491e-08  -3.0290006e-07
   4.1252435e-07  -8.0231412e-08  -2.2301193e-07
   3.3337386e-07  -5.4148781e-08  -1.9407002e-07
  -3.3898417e-08  -1.8512004e-08   1.3819868e-07
  -4.5777104e-08  -2.5422439e-08   1.8531416e-07
  -2.9942883e-08  -1.3675974e-08   9.3092850e-08
  -2.9390082e-08  -1.4754551e-08   1.0695495e-07
  -1.4429591e-08  -8.0879560e-09   4.2080806e-08
  -2.2337919e-08  -1.0670644e-08   8.3299334e-08
  -1.4132769e-09  -6.4918370e-10   3.7611052e-09
  -5.5952645e-09  -2.8895820e-09   1.5085858e-08
  -1.0488801e-08  -5.2174985e-09   2.8031693e-08
  -6.8711686e-09  -3.5043662e-09   1.7843842e-08
  -2.7898973e-08  -1.7941329e-08   1.5382824e-07
  -3.5835846e-08  -2.2696859e-08   1.8908181e-07
  -2.3863491e-08  -1.3310791e-08   1.0798911e-07
  -2.1368690e-08  -1.3249161e-08   1.1479082e-07
  -1.4815497e-08  -9.7203755e-09   5.9647492e-08
  -1.6758526e-08  -1.0721697e-08   9.8145188e-08
  -1.4124719e-09  -9.0001768e-10   5.9806208e-09
  -5.9151147e-09  -3.8832306e-09   2.4995411e-08
  -7.3071756e-09  -5.4057722e-09   3.9069034e-08
  -6.5679800e-09  -4.2865272e-09   2.9413724e-08
  -6.8687825e-09  -3.9846965e-09   2.2287837e-08
  -1.8535257e-09  -1.1140809e-09   6.6228944e-09
  -2.3874965e-08  -1.4446923e-08   7.9740494e-08
  -1.2652272e-08  -7.8057035e-09   4.6690486e-08
   7.3018225e-10   4.6218070e-10  -2.4418242e-09
   3.5885231e-10   2.9296181e-10  -1.7552441e-09
  -2.4825712e-08  -1.2561990e-08   9.3221421e-08
  -1.2866092e-08  -8.1046678e-09   4.8545106e-08
  -8.8909465e-10  -4.0129419e-10   2.5137948e-09
  -2.2945482e-09  -1.3855912e-09   9.0807902e-09
  -2.4738685e-09  -1.3849559e-09   6.6635414e-09
  -1.3755356e-09  -1.2469007e-09   5.5431753e-09
  -9.2195341e-09  -4.8293250e-09   3.1010283e-08
  -2.9201311e-08  -1.4671185e-08   1.0982397e-07
  -1.4203208e-08  -7.1008644e-09   5.9173424e-08
  -2.2810835e-08  -1.2752645e-08   1.0105934e-07
  -2.6924395e-08  -1.5005988e-08   1.2090755e-07
  -2.2222471e-08  -1.3040963e-08   1.1174366e-07
  -2.8105525e-08  -1.5815385e-08   1.1820474e-07
  -3.7501641e-08  -2.2389938e-08   1.7443315e-07
  -5.2489554e-08  -3.1054434e-08   2.3691088e-07
  -5.0252306e-08  -3.1154230e-08   2.5047019e-07
  -4.2912135e-08  -2.5523204e-08   2.0134801e-07
  -3.1979030e-08  -1.9692307e-08   1.6351076e-07
  -1.5339091e-07  -2.8769408e-08   2.4334611e-07
  -1.7541657e-07  -4.1725946e-08   2.9996553e-07
  -1.3961038e-07  -2.6097197e-08   1.9529625e-07
  -1.5501454e-07  -2.3888047e-08   2.1723408e-07
  -7.0492340e-08  -1.6421821e-08   1.0314166e-07
  -1.6680489e-07  -1.4039758e-08   2.0926254e-07
  -1.1045486e-08  -1.5776818e-09   1.3098326e-08
  -4.1782663e-08  -6.3609690e-09   5.2445445e-08
  -1.0153345e-07  -1.0313349e-08   1.1808441e-07
  -5.3536927e-08  -8.0243489e-09   6.8579065e-08
  -6.5177687e-08  -2.6017672e-08   1.7463052e-07
  -8.3130072e-08  -3.3503909e-08   2.1644537e-07
  -6.0140288e-08  -1.9454894e-08   1.2318176e-07
  -5.2735225e-08  -1.8807021e-08   1.2860647e-07
  -2.0894207e-08  -1.2282564e-08   5.0246786e-08
  -4.8155619e-08  -1.3943495e-08   1.1322411e-07
  -1.2123195e-09  -7.6582059e-10   3.7056193e-09
  -1.0544475e-08  -4.0617392e-09   2.0456446e-08
  -1.3470104e-08  -4.3126113e-09   3.0056936e-08
  -9.2336650e-09  -4.1382986e-09   2.0202775e-08
  -3.0614043e-08  -6.8226458e-09   4.3832168e-08
  -5.6304973e-09  -1.6211458e-09   8.8767070e-09
  -7.3391043e-08  -2.4511913e-08   1.2588879e-07
  -4.0194066e-08  -1.1537146e-08   6.6579634e-08
   4.9483332e-09   9.9019175e-10  -7.8394870e-09
  -3.7055927e-10   1.7177844e-10  -2.9114941e-11
  -9.9788214e-08  -2.1339541e-08   1.5874227e-07
  -5.1436737e-08  -1.2113387e-08   7.8691775e-08
  -5.2256946e-09  -8.6272196e-10   6.9302580e-09
  -5.7005564e-09  -1.6407763e-09   9.7342678e-09
  -1.0402854e-08  -3.0140764e-09   1.6351860e-08
   2.4103303e-08  -1.8480216e-09  -2.0186521e-08
  -6.3671679e-08  -7.6895603e-09   8.0430726e-08
  -9.5235485e-08  -2.5376497e-08   1.5929300e-07
  -9.3254226e-08  -9.0929028e-09   1.2577038e-07
  -7.8498484e-08  -2.0007283e-08   1.4200264e-07
  -1.1790562e-07  -2.2755360e-08   1.9733622e-07
  -9.3733642e-08  -1.8798538e-08   1.6894198e-07
  -9.3785596e-08  -2.6177727e-08   1.7469558e-07
  -1.0176035e-07  -3.5416440e-08   2.2266202e-07
  -1.5574780e-07  -5.0258942e-08   3.2564708e-07
  -1.3127882e-07  -4.8310749e-08   3.1430058e-07
  -1.4677689e-07  -3.9566357e-08   2.8901116e-07
  -9.8045463e-08  -2.9636915e-08   2.1538860e-07
  -2.1001725e-08  -5.9162101e-08   1.7596711e-07
  -2.9530397e-08  -8.9451929e-08   2.4025649e-07
  -1.7901832e-08  -6.5753841e-08   1.4171236e-07
  -1.7775588e-08  -5.5876831e-08   1.4694477e-07
  -7.3949018e-09  -2.6599855e-08   5.8413563e-08
  -1.2218742e-08  -4.2487961e-08   1.1926383e-07
  -5.8926519e-10  -1.7713301e-09   5.2919288e-09
  -3.4344420e-09  -1.1350179e-08   2.5437678e-08
  -9.0828857e-09  -2.4560111e-08   5.8812338e-08
  -3.6516074e-09  -1.1643061e-08   2.8685532e-08
  -2.4578390e-08  -1.3883595e-07   2.4114279e-07
  -3.1551631e-08  -1.7194206e-07   2.9663595e-07
  -2.1471810e-08  -1.4322350e-07   2.0324432e-07
  -1.7066871e-08  -1.5098781e-07   2.1397206e-07
  -1.1078475e-08  -7.9653986e-08   1.1048915e-07
  -1.2479375e-08  -1.3892054e-07   1.9096219e-07
  -1.1838879e-09  -1.2027968e-08   1.4266351e-08
  -5.1974507e-09  -4.3078833e-08   5.5435130e-08
  -1.1576913e-08  -7.6874328e-08   9.8344240e-08
  -5.7264716e-09  -5.3390756e-08   6.8002548e-08
  -4.9812044e-09  -2.4226338e-08   3.9870959e-08
  -1.4381365e-09  -7.7067354e-09   1.1544901e-08
  -1.5596460e-08  -6.8927638e-08   1.2134254e-07
  -1.0340837e-08  -5.5740147e-08   8.6675818e-08
   7.7690993e-10   2.0523962e-09  -4.7886832e-09
   2.3842021e-10   1.8622904e-09  -2.5242267e-09
  -1.7541424e-08  -8.4314538e-08   1.5325245e-07
  -1.4517740e-08  -5.7773621e-08   9.4899187e-08
  -2.1628030e-10  -1.5875212e-09   3.6916563e-09
  -1.3213780e-09  -1.5626594e-08   2.0041044e-08
   1.0058919e-10  -3.8444001e-09   6.5732548e-09
   3.6379116e-09  -1.4204351e-09  -4.7329424e-09
  -9.9092421e-09  -4.2034127e-08   7.1214050e-08
  -2.2281283e-08  -1.1838457e-07   1.8947696e-07
  -7.2779402e-09  -7.2802636e-08   1.1391689e-07
  -1.6289157e-08  -1.1101734e-07   1.7638273e-07
  -1.9297537e-08  -7.7868249e-08   1.7242293e-07
  -1.6450495e-08  -8.8708080e-08   1.7317214e-07
  -1.9887653e-08  -7.9211572e-08   1.6846319e-07
  -2.9971238e-08  -1.3861823e-07   2.6114851e-07
  -3.8979344e-08  -1.2909209e-07   3.1394540e-07
  -4.1408423e-08  -1.5209559e-07   3.4139090e-07
  -3.1576688e-08  -1.0223903e-07   2.6288964e-07
  -2.5760608e-08  -1.0141419e-07   2.2595103e-07
  -8.4492667e-09  -1.2957305e-08   1.5245292e-07
  -1.1393309e-08  -1.7661828e-08   2.0070656e-07
  -6.0747253e-09  -9.7314951e-09   1.0742184e-07
  -6.8623452e-09  -1.0622239e-08   1.2309796e-07
  -2.6332857e-09  -4.2002146e-09   5.4870735e-08
  -5.5650123e-09  -8.4506194e-09   1.0274725e-07
  -3.2381797e-10  -5.1392141e-10   7.4401469e-09
  -1.1389266e-09  -1.8269530e-09   2.4025215e-08
  -2.5598687e-09  -4.1464173e-09   5.1132045e-08
  -1.3665966e-09  -2.1651535e-09   2.9958488e-08
  -9.7897401e-09  -1.5795965e-08   1.5276079e-07
  -1.2046056e-08  -1.9505784e-08   1.8813025e-07
  -7.1921035e-09  -1.2282065e-08   1.0640718e-07
  -7.4680119e-09  -1.2284052e-08   1.1380000e-07
  -3.3813587e-09  -5.7904319e-09   5.5243375e-08
  -6.4896852e-09  -1.0654011e-08   9.8186911e-08
  -2.7022234e-10  -4.8522528e-10   4.4634178e-09
  -1.5323885e-09  -2.6884958e-09   2.4133341e-08
  -2.5219115e-09  -4.6296160e-09   3.6086245e-08
  -1.7457475e-09  -3.0786463e-09   2.7001282e-08
  -1.4577845e-09  -2.4315722e-09   2.7430777e-08
  -4.2312487e-10  -7.3067297e-10   7.4348984e-09
  -4.6855421e-09  -7.7303109e-09   8.7487276e-08
  -2.8599791e-09  -4.8388854e-09   5.0800328e-08
   1.8461788e-10   3.0586580e-10  -3.0595087e-09
   1.3053529e-10   2.2287710e-10  -1.5332008e-09
  -6.0691339e-09  -9.9027782e-09   1.0183680e-07
  -3.3138042e-09  -5.7572727e-09   5.4693020e-08
  -1.7868018e-10  -2.8356151e-10   4.5485717e-09
  -5.0821406e-10  -8.7864664e-10   8.9637099e-09
  -3.3672001e-10  -5.1667034e-10   8.3140511e-09
   2.1780236e-10   4.2424160e-10  -2.6082856e-09
  -2.4734169e-09  -4.1852205e-09   4.3671182e-08
  -7.2285313e-09  -1.2096091e-08   1.1339681e-07
  -4.0397374e-09  -6.4248722e-09   6.9611300e-08
  -6.5473582e-09  -1.0638090e-08   1.0559736e-07
  -7.6929701e-09  -1.2045942e-08   1.3054308e-07
  -7.2532850e-09  -1.1456240e-08   1.1885619e-07
  -7.3531131e-09  -1.1673234e-08   1.2492300e-07
  -1.0984110e-08  -1.7663740e-08   1.7802779e-07
  -1.4501068e-08  -2.2739698e-08   2.4650419e-07
  -1.5496307e-08  -2.4472709e-08   2.5494338e-07
  -1.2425925e-08  -1.9315594e-08   2.1147707e-07
  -1.0191189e-08  -1.6030715e-08   1.6799076e-07
